data/Bai2012_Files/other/input_n15.txt
ncols         718
nrows         343
xllcorner     -179.5
yllcorner     -87.730404613883
cellsize      0.5
NODATA_value  -9999
[rows 32 to 63 of 343, columns 426 to 496 of 718]
-1.326842 -1.326842 -1.326842 -1.326842 -1.330664 -1.330664 -1.330664 -1.330664 -1.330664 -1.330664 -1.330664 -1.330664 -1.246969 -1.246969 -9999 -9999 -9999 -9999 -9999 -9999 -9999 -9999 -9999 -9999 -9999 -9999 -9999 -9999 -9999 -9999 -1.099116 -1.099116 -1.099116 -1.099116 -1.2357 -1.2357 -1.2357 -1.2357 -1.2357 -1.2357 -1.2357 -1.2357 -0.9039122 -0.9039122 -0.6455969 -0.6455969 -0.4660452 -0.4660452 -1.222855 -1.222855 -0.4766004 -0.4766004 -0.4734649 -0.4734649 -0.5104019 -0.5104019 -1.095939 -1.095939 -0.4574153 -0.4574153 -1.095939 -1.095939 -0.3075499 -0.3075499 -0.7293919 -0.7293919 -1.011509 -1.011509 -0.6900991 -0.6900991 -1.011509
-1.326842 -1.326842 -9999 -9999 -1.330664 -1.330664 -1.330664 -1.330664 -1.330664 -1.330664 -1.330664 -1.330664 -9999 -9999 -9999 -9999 -9999 -9999 -9999 -9999 -9999 -9999 -1.099116 -1.099116 -9999 -9999 -9999 -9999 -9999 -9999 -1.099116 -1.099116 -1.099116 -1.099116 -1.2357 -1.2357 -1.2357 -1.2357 -1.2357 -1.2357 -1.2357 -1.2357 -0.9039122 -0.9039122 -0.6455969 -0.6455969 -0.4660452 -0.4660452 -1.222855 -1.222855 -0.4766004 -0.4766004 -0.4734649 -0.4734649 -0.5104019 -0.5104019 -1.095939 -1.095939 -0.4574153 -0.4574153 -1.095939 -1.095939 -0.3075499 -0.3075499 -0.7293919 -0.7293919 -1.011509 -1.011509 -0.6900991 -0.6900991 -1.011509
-1.326842 -1.326842 -9999 -9999 -9999 -9999 -1.330664 -1.330664 -1.330664 -1.330664 -1.330664 -1.330664 -9999 -9999 -9999 -9999 -9999 -9999 -9999 -9999 -9999 -9999 -1.099116 -1.099116 -1.288947 -1.288947 -1.288947 -1.288947 -1.099116 -1.099116 -1.288947 -1.288947 -1.288947 -1.288947 -1.2357 -1.2357 -1.2357 -1.2357 -1.2357 -1.2357 -1.2357 -1.2357 -1.222855 -1.222855 -1.222855 -1.222855 -1.222855 -1.222855 -1.222855 -1.222855 -1.095939 -1.095939 -1.095939 -1.095939 -1.095939 -1.095939 -1.095939 -1.095939 -1.095939 -1.095939 -1.095939 -1.095939 -1.095939 -1.095939 -0.328615 -0.328615 -0.4594665 -0.4594665 -1.216849 -1.216849 -1.216849
-1.326842 -1.326842 -9999 -9999 -9999 -9999 -9999 -9999 -9999 -9999 -9999 -9999 -1.402723 -1.402723 -9999 -9999 -9999 -9999 -1.246969 -1.246969 -9999 -9999 -1.099116 -1.099116 -1.288947 -1.288947 -1.288947 -1.288947 -1.099116 -1.099116 -1.288947 -1.288947 -1.288947 -1.288947 -1.2357 -1.2357 -1.2357 -1.2357 -1.2357 -1.2357 -1.2357 -1.2357 -1.222855 -1.222855 -1.222855 -1.222855 -1.222855 -1.222855 -1.222855 -1.222855 -1.095939 -1.095939 -1.095939 -1.095939 -1.095939 -1.095939 -1.095939 -1.095939 -1.095939 -1.095939 -1.095939 -1.095939 -1.095939 -1.095939 -0.328615 -0.328615 -0.4594665 -0.4594665 -1.216849 -1.216849 -1.216849
-1.326842 -1.326842 -9999 -9999 -9999 -9999 -9999 -9999 -9999 -9999 -9999 -9999 -9999 -9999 -1.402723 -1.402723 -1.246969 -1.246969 -1.402723 -1.402723 -1.288947 -1.288947 -1.288947 -1.288947 -1.288947 -1.288947 -1.288947 -1.288947 -1.099116 -1.099116 -1.099116 -1.099116 -1.288947 -1.288947 -1.2357 -1.2357 -1.2357 -1.2357 -1.2357 -1.2357 -1.2357 -1.2357 -1.222855 -1.222855 -1.222855 -1.222855 -1.222855 -1.222855 -1.222855 -1.222855 -1.095939 -1.095939 -1.095939 -1.095939 -1.095939 -1.095939 -1.095939 -1.095939 -1.095939 -1.095939 -1.095939 -1.095939 -1.090404 -1.090404 -1.095939 -1.095939 -1.216849 -1.216849 -1.216849 -1.216849 -1.216849
-1.530484 -1.530484 -9999 -9999 -9999 -9999 -9999 -9999 -9999 -9999 -9999 -9999 -9999 -9999 -1.505651 -1.505651 -1.391982 -1.391982 -1.505651 -1.505651 -1.478852 -1.478852 -1.478852 -1.478852 -1.478852 -1.478852 -1.478852 -1.478852 -1.35312 -1.35312 -1.35312 -1.35312 -1.478852 -1.478852 -1.471549 -1.471549 -1.471549 -1.471549 -1.471549 -1.471549 -1.471549 -1.471549 -1.471462 -1.471462 -1.471462 -1.471462 -1.471462 -1.471462 -1.471462 -1.471462 -1.364505 -1.364505 -1.364505 -1.364505 -1.364505 -1.364505 -1.364505 -1.364505 -1.364505 -1.364505 -1.364505 -1.364505 -1.360669 -1.360669 -1.364505 -1.364505 -1.273935 -1.273935 -1.273935 -1.273935 -1.273935
-1.530484 -1.530484 -9999 -9999 -9999 -9999 -9999 -9999 -1.512539 -1.512539 -1.512539 -1.512539 -1.505651 -1.505651 -1.505651 -1.505651 -1.505651 -1.505651 -0.9773243 -0.9773243 -1.478852 -1.478852 -1.478852 -1.478852 -1.478852 -1.478852 -1.478852 -1.478852 -1.478852 -1.478852 -1.478852 -1.478852 -1.478852 -1.478852 -1.471549 -1.471549 -1.471549 -1.471549 -1.471549 -1.471549 -1.471549 -1.471549 -1.471462 -1.471462 -1.471462 -1.471462 -1.471462 -1.471462 -1.471462 -1.471462 -1.364505 -1.364505 -1.364505 -1.364505 -1.364505 -1.364505 -1.364505 -1.364505 -1.364505 -1.364505 -1.364505 -1.364505 -1.364505 -1.364505 -0.4007535 -0.4007535 -1.273935 -1.273935 -1.273935 -1.273935 -1.273935
-1.530484 -1.530484 -1.530484 -1.530484 -9999 -9999 -9999 -9999 -1.512539 -1.512539 -1.512539 -1.512539 -1.505651 -1.505651 -1.505651 -1.505651 -1.505651 -1.505651 -0.9773243 -0.9773243 -1.478852 -1.478852 -1.478852 -1.478852 -1.478852 -1.478852 -1.478852 -1.478852 -1.478852 -1.478852 -1.478852 -1.478852 -1.478852 -1.478852 -1.471549 -1.471549 -1.471549 -1.471549 -1.471549 -1.471549 -1.471549 -1.471549 -1.471462 -1.471462 -1.471462 -1.471462 -1.471462 -1.471462 -1.471462 -1.471462 -1.364505 -1.364505 -1.364505 -1.364505 -1.364505 -1.364505 -1.364505 -1.364505 -1.364505 -1.364505 -1.364505 -1.364505 -1.364505 -1.364505 -0.4007535 -0.4007535 -1.273935 -1.273935 -1.273935 -1.273935 -1.273935
-1.530484 -1.530484 -1.530484 -1.530484 -1.512539 -1.512539 -1.402103 -1.402103 -1.402103 -1.402103 -1.512539 -1.512539 -1.505651 -1.505651 -1.505651 -1.505651 -1.505651 -1.505651 -1.505651 -1.505651 -1.289532 -1.289532 -1.478852 -1.478852 -1.478852 -1.478852 -1.478852 -1.478852 -1.478852 -1.478852 -1.478852 -1.478852 -1.478852 -1.478852 -1.471549 -1.471549 -1.471549 -1.471549 -1.471549 -1.471549 -1.471549 -1.471549 -1.471462 -1.471462 -1.471462 -1.471462 -1.471462 -1.471462 -1.471462 -1.471462 -1.364505 -1.364505 -1.364505 -1.364505 -1.364505 -1.364505 -1.364505 -1.364505 -1.364505 -1.364505 -1.364505 -1.364505 -1.364505 -1.364505 -0.3168096 -0.3168096 -1.273935 -1.273935 -1.273935 -1.273935 -1.273935
-1.530484 -1.530484 -9999 -9999 -1.512539 -1.512539 -1.402103 -1.402103 -1.402103 -1.402103 -1.512539 -1.512539 -1.505651 -1.505651 -1.505651 -1.505651 -1.505651 -1.505651 -1.505651 -1.505651 -1.289532 -1.289532 -1.478852 -1.478852 -1.478852 -1.478852 -1.478852 -1.478852 -1.478852 -1.478852 -1.478852 -1.478852 -1.478852 -1.478852 -1.471549 -1.471549 -1.471549 -1.471549 -1.471549 -1.471549 -1.471549 -1.471549 -1.471462 -1.471462 -1.471462 -1.471462 -1.471462 -1.471462 -1.471462 -1.471462 -1.364505 -1.364505 -1.364505 -1.364505 -1.364505 -1.364505 -1.364505 -1.364505 -1.364505 -1.364505 -1.364505 -1.364505 -1.364505 -1.364505 -0.3168096 -0.3168096 -1.273935 -1.273935 -1.273935 -1.273935 -1.273935
-1.530484 -1.530484 -9999 -9999 -9999 -9999 -1.512539 -1.512539 -1.512539 -1.512539 -1.512539 -1.512539 -1.505651 -1.505651 -1.505651 -1.505651 -0.5362124 -0.5362124 -0.588967 -0.588967 -0.4440433 -0.4440433 -1.478852 -1.478852 -1.478852 -1.478852 -1.478852 -1.478852 -1.478852 -1.478852 -1.478852 -1.478852 -1.478852 -1.478852 -1.471549 -1.471549 -1.471549 -1.471549 -1.471549 -1.471549 -1.471549 -1.471549 -1.471462 -1.471462 -1.471462 -1.471462 -1.471462 -1.471462 -1.471462 -1.471462 -1.364505 -1.364505 -1.364505 -1.364505 -1.364505 -1.364505 -1.364505 -1.364505 -1.364505 -1.364505 -1.364505 -1.364505 -1.364505 -1.364505 -1.364505 -1.364505 -1.273935 -1.273935 -1.273935 -1.273935 -1.273935
-1.530484 -1.530484 -1.10535 -1.10535 -9999 -9999 -1.512539 -1.512539 -1.512539 -1.512539 -1.512539 -1.512539 -1.505651 -1.505651 -1.505651 -1.505651 -0.5362124 -0.5362124 -0.588967 -0.588967 -0.4440433 -0.4440433 -1.478852 -1.478852 -1.478852 -1.478852 -1.478852 -1.478852 -1.478852 -1.478852 -1.478852 -1.478852 -1.478852 -1.478852 -1.471549 -1.471549 -1.471549 -1.471549 -1.471549 -1.471549 -1.471549 -1.471549 -1.471462 -1.471462 -1.471462 -1.471462 -1.471462 -1.471462 -1.471462 -1.471462 -1.364505 -1.364505 -1.364505 -1.364505 -1.364505 -1.364505 -1.364505 -1.364505 -1.364505 -1.364505 -1.364505 -1.364505 -1.364505 -1.364505 -1.364505 -1.364505 -1.273935 -1.273935 -1.273935 -1.273935 -1.273935
-1.530484 -1.530484 -1.530484 -1.530484 -9999 -9999 -9999 -9999 -1.512539 -1.512539 -1.512539 -1.512539 -1.505651 -1.505651 -1.505651 -1.505651 -1.505651 -1.505651 -1.505651 -1.505651 -1.478852 -1.478852 -1.478852 -1.478852 -1.478852 -1.478852 -1.478852 -1.478852 -1.478852 -1.478852 -1.478852 -1.478852 -1.478852 -1.478852 -1.471549 -1.471549 -1.471549 -1.471549 -1.471549 -1.471549 -1.471549 -1.471549 -1.471462 -1.471462 -1.471462 -1.471462 -1.471462 -1.471462 -1.471462 -1.471462 -1.364505 -1.364505 -1.364505 -1.364505 -1.364505 -1.364505 -1.364505 -1.364505 -1.364505 -1.364505 -1.364505 -1.364505 -1.364505 -1.364505 -1.364505 -1.364505 -1.273935 -1.273935 -1.273935 -1.273935 -1.273935
-1.59532 -1.59532 -1.59532 -1.59532 -1.595924 -1.595924 -9999 -9999 -1.595924 -1.595924 -1.595924 -1.595924 -1.575393 -1.575393 -1.575393 -1.575393 -1.575393 -1.575393 -1.575393 -1.575393 -1.563266 -1.563266 -1.563266 -1.563266 -1.563266 -1.563266 -1.563266 -1.563266 -1.563266 -1.563266 -1.563266 -1.563266 -1.563266 -1.563266 -1.570271 -1.570271 -1.570271 -1.570271 -1.570271 -1.570271 -1.570271 -1.570271 -1.545915 -1.545915 -1.545915 -1.545915 -1.545915 -1.545915 -1.545915 -1.545915 -1.545495 -1.545495 -1.545495 -1.545495 -1.545495 -1.545495 -1.545495 -1.545495 -1.545495 -1.545495 -1.545495 -1.545495 -1.545495 -1.545495 -1.545495 -1.545495 -1.538117 -1.538117 -1.538117 -1.538117 -1.538117
-1.59532 -1.59532 -1.59532 -1.59532 -1.595924 -1.595924 -1.595924 -1.595924 -1.595924 -1.595924 -1.595924 -1.595924 -1.575393 -1.575393 -1.575393 -1.575393 -1.575393 -1.575393 -1.575393 -1.575393 -1.563266 -1.563266 -1.563266 -1.563266 -1.563266 -1.563266 -1.563266 -1.563266 -1.563266 -1.563266 -1.563266 -1.563266 -1.563266 -1.563266 -1.570271 -1.570271 -1.570271 -1.570271 -1.570271 -1.570271 -1.570271 -1.570271 -1.545915 -1.545915 -1.545915 -1.545915 -1.545915 -1.545915 -1.545915 -1.545915 -1.545495 -1.545495 -1.545495 -1.545495 -1.545495 -1.545495 -1.545495 -1.545495 -1.545495 -1.545495 -1.545495 -1.545495 -1.545495 -1.545495 -1.545495 -1.545495 -1.538117 -1.538117 -1.538117 -1.538117 -1.538117
-1.59532 -1.59532 -1.59532 -1.59532 -1.595924 -1.595924 -1.595924 -1.595924 -1.595924 -1.595924 -1.595924 -1.595924 -1.575393 -1.575393 -1.575393 -1.575393 -1.575393 -1.575393 -1.575393 -1.575393 -1.563266 -1.563266 -1.563266 -1.563266 -1.563266 -1.563266 -1.563266 -1.563266 -1.563266 -1.563266 -1.563266 -1.563266 -1.563266 -1.563266 -1.570271 -1.570271 -1.570271 -1.570271 -1.570271 -1.570271 -1.570271 -1.570271 -1.545915 -1.545915 -1.545915 -1.545915 -1.545915 -1.545915 -1.545915 -1.545915 -1.545495 -1.545495 -1.545495 -1.545495 -1.545495 -1.545495 -1.545495 -1.545495 -1.545495 -1.545495 -1.545495 -1.545495 -1.545495 -1.545495 -1.545495 -1.545495 -1.538117 -1.538117 -1.538117 -1.538117 -1.538117
-1.289138 -1.289138 -1.289138 -1.289138 -1.291057 -1.291057 -1.595924 -1.595924 -1.595924 -1.595924 -1.595924 -1.595924 -1.228163 -1.228163 -1.228163 -1.228163 -1.228163 -1.228163 -1.228163 -1.228163 -1.193116 -1.193116 -1.193116 -1.193116 -1.193116 -1.193116 -1.193116 -1.193116 -1.561471 -1.561471 -1.556113 -1.556113 -1.563266 -1.563266 -1.570271 -1.570271 -1.570271 -1.570271 -1.565153 -1.565153 -1.570271 -1.570271 -1.545915 -1.545915 -1.545915 -1.545915 -1.545915 -1.545915 -1.545915 -1.545915 -1.545495 -1.545495 -1.545495 -1.545495 -1.545495 -1.545495 -1.545495 -1.545495 -1.545495 -1.545495 -1.545495 -1.545495 -1.545495 -1.545495 -1.545495 -1.545495 -1.538117 -1.538117 -1.538117 -1.538117 -1.538117
-1.289138 -1.289138 -1.289138 -1.289138 -1.291057 -1.291057 -1.595924 -1.595924 -1.595924 -1.595924 -1.595924 -1.595924 -1.228163 -1.228163 -1.228163 -1.228163 -1.228163 -1.228163 -1.228163 -1.228163 -1.193116 -1.193116 -1.193116 -1.193116 -1.193116 -1.193116 -1.193116 -1.193116 -1.561471 -1.561471 -1.556113 -1.556113 -1.563266 -1.563266 -1.570271 -1.570271 -1.570271 -1.570271 -1.565153 -1.565153 -1.570271 -1.570271 -1.545915 -1.545915 -1.545915 -1.545915 -1.545915 -1.545915 -1.545915 -1.545915 -1.545495 -1.545495 -1.545495 -1.545495 -1.545495 -1.545495 -1.545495 -1.545495 -1.545495 -1.545495 -1.545495 -1.545495 -1.545495 -1.545495 -1.545495 -1.545495 -1.538117 -1.538117 -1.538117 -1.538117 -1.538117
-1.59532 -1.59532 -1.59532 -1.59532 -1.595924 -1.595924 -1.595924 -1.595924 -1.595924 -1.595924 -1.595924 -1.595924 -1.575393 -1.575393 -1.575393 -1.575393 -1.575393 -1.575393 -1.228163 -1.228163 -1.193116 -1.193116 -1.193116 -1.193116 -1.563266 -1.563266 -1.193116 -1.193116 -1.563266 -1.563266 -1.563266 -1.563266 -1.563266 -1.563266 -1.563454 -1.563454 -1.422908 -1.422908 -0.9155342 -0.9155342 -1.435672 -1.435672 -1.545915 -1.545915 -1.545915 -1.545915 -1.545915 -1.545915 -1.545915 -1.545915 -1.545495 -1.545495 -1.545495 -1.545495 -1.545495 -1.545495 -1.290761 -1.290761 -1.545495 -1.545495 -1.545495 -1.545495 -1.545495 -1.545495 -1.155446 -1.155446 -1.124933 -1.124933 -1.538117 -1.538117 -1.538117
-1.621046 -1.621046 -1.621046 -1.621046 -1.615024 -1.615024 -1.615024 -1.615024 -1.615024 -1.615024 -1.615024 -1.615024 -1.599391 -1.599391 -1.599391 -1.599391 -1.599391 -1.599391 -1.302148 -1.302148 -1.169384 -1.169384 -1.169384 -1.169384 -1.554754 -1.554754 -1.169384 -1.169384 -1.554754 -1.554754 -1.554754 -1.554754 -1.554754 -1.554754 -1.545796 -1.545796 -1.390671 -1.390671 -0.8591498 -0.8591498 -1.404611 -1.404611 -1.523756 -1.523756 -1.523756 -1.523756 -1.523756 -1.523756 -1.523756 -1.523756 -1.477736 -1.477736 -1.477736 -1.477736 -1.477736 -1.477736 -1.150975 -1.150975 -1.477736 -1.477736 -1.477736 -1.477736 -1.477736 -1.477736 -0.9946945 -0.9946945 -0.9483745 -0.9483745 -1.461523 -1.461523 -1.461523
-1.374769 -1.374769 -1.374769 -1.374769 -1.615024 -1.615024 -1.615024 -1.615024 -1.615024 -1.615024 -1.615024 -1.615024 -1.318483 -1.318483 -1.033862 -1.033862 -1.04471 -1.04471 -1.302148 -1.302148 -1.169384 -1.169384 -1.169384 -1.169384 -1.169384 -1.169384 -1.554754 -1.554754 -1.554754 -1.554754 -1.550968 -1.550968 -1.554754 -1.554754 -1.165705 -1.165705 -0.9377306 -0.9377306 -0.8770761 -0.8770761 -1.553412 -1.553412 -1.523756 -1.523756 -1.523756 -1.523756 -1.523756 -1.523756 -1.179592 -1.179592 -0.9823442 -0.9823442 -0.9823442 -0.9823442 -1.477736 -1.477736 -1.237379 -1.237379 -1.477736 -1.477736 -0.9946945 -0.9946945 -0.9946945 -0.9946945 -0.9946945 -0.9946945 -0.9483745 -0.9483745 -1.461523 -1.461523 -1.461523
-1.374769 -1.374769 -1.374769 -1.374769 -1.615024 -1.615024 -1.615024 -1.615024 -1.615024 -1.615024 -1.615024 -1.615024 -1.318483 -1.318483 -1.033862 -1.033862 -1.04471 -1.04471 -1.302148 -1.302148 -1.169384 -1.169384 -1.169384 -1.169384 -1.169384 -1.169384 -1.554754 -1.554754 -1.554754 -1.554754 -1.550968 -1.550968 -1.554754 -1.554754 -1.165705 -1.165705 -0.9377306 -0.9377306 -0.8770761 -0.8770761 -1.553412 -1.553412 -1.523756 -1.523756 -1.523756 -1.523756 -1.523756 -1.523756 -1.179592 -1.179592 -0.9823442 -0.9823442 -0.9823442 -0.9823442 -1.477736 -1.477736 -1.237379 -1.237379 -1.477736 -1.477736 -0.9946945 -0.9946945 -0.9946945 -0.9946945 -0.9946945 -0.9946945 -0.9483745 -0.9483745 -1.461523 -1.461523 -1.461523
-1.374769 -1.374769 -1.374769 -1.374769 -1.7 -1.7 -1.7 -1.7 -1.7 -1.7 -1.7 -1.7 -1.029361 -1.029361 -1.013371 -1.013371 -1.044133 -1.044133 -1.302148 -1.302148 -1.169384 -1.169384 -1.169384 -1.169384 -1.169384 -1.169384 -1.169384 -1.169384 -1.169384 -1.169384 -1.169384 -1.169384 -1.169384 -1.169384 -1.165705 -1.165705 -1.165705 -1.165705 -1.165705 -1.165705 -1.165705 -1.165705 -1.523756 -1.523756 -1.523756 -1.523756 -1.523756 -1.523756 -1.002573 -1.002573 -0.9823442 -0.9823442 -1.477736 -1.477736 -1.190819 -1.190819 -1.2316 -1.2316 -0.9774895 -0.9774895 -0.8386475 -0.8386475 -0.9946945 -0.9946945 -1.7 -1.7 -0.9483745 -0.9483745 -1.461523 -1.461523 -1.461523
-1.374769 -1.374769 -1.374769 -1.374769 -1.7 -1.7 -1.7 -1.7 -1.7 -1.7 -1.7 -1.7 -1.029361 -1.029361 -1.013371 -1.013371 -1.044133 -1.044133 -1.302148 -1.302148 -1.169384 -1.169384 -1.169384 -1.169384 -1.169384 -1.169384 -1.169384 -1.169384 -1.169384 -1.169384 -1.169384 -1.169384 -1.169384 -1.169384 -1.165705 -1.165705 -1.165705 -1.165705 -1.165705 -1.165705 -1.165705 -1.165705 -1.523756 -1.523756 -1.523756 -1.523756 -1.523756 -1.523756 -1.002573 -1.002573 -0.9823442 -0.9823442 -1.477736 -1.477736 -1.190819 -1.190819 -1.2316 -1.2316 -0.9774895 -0.9774895 -0.8386475 -0.8386475 -0.9946945 -0.9946945 -1.7 -1.7 -0.9483745 -0.9483745 -1.461523 -1.461523 -1.461523
-1.374769 -1.374769 -1.374769 -1.374769 -1.353975 -1.353975 -1.353975 -1.353975 -1.353975 -1.353975 -1.353975 -1.353975 -1.599391 -1.599391 -1.599391 -1.599391 -1.599391 -1.599391 -1.302148 -1.302148 -1.169384 -1.169384 -1.169384 -1.169384 -1.169384 -1.169384 -1.169384 -1.169384 -1.169384 -1.169384 -1.169384 -1.169384 -1.169384 -1.169384 -1.165705 -1.165705 -1.165705 -1.165705 -1.165705 -1.165705 -1.165705 -1.165705 -1.088489 -1.088489 -1.088489 -1.088489 -1.088489 -1.088489 -1.088489 -1.088489 -0.9823442 -0.9823442 -1.477736 -1.477736 -1.477736 -1.477736 -1.225875 -1.225875 -1.071479 -1.071479 -1.035034 -1.035034 -1.7 -1.7 -1.7 -1.7 -0.9483745 -0.9483745 -0.9483745 -0.9483745 -0.9483745
-1.374769 -1.374769 -1.374769 -1.374769 -1.353975 -1.353975 -1.353975 -1.353975 -1.353975 -1.353975 -1.353975 -1.353975 -1.599391 -1.599391 -1.599391 -1.599391 -1.599391 -1.599391 -1.302148 -1.302148 -1.169384 -1.169384 -1.169384 -1.169384 -1.169384 -1.169384 -1.169384 -1.169384 -1.169384 -1.169384 -1.169384 -1.169384 -1.169384 -1.169384 -1.165705 -1.165705 -1.165705 -1.165705 -1.165705 -1.165705 -1.165705 -1.165705 -1.088489 -1.088489 -1.088489 -1.088489 -1.088489 -1.088489 -1.088489 -1.088489 -0.9823442 -0.9823442 -1.477736 -1.477736 -1.477736 -1.477736 -1.225875 -1.225875 -1.071479 -1.071479 -1.035034 -1.035034 -1.7 -1.7 -1.7 -1.7 -0.9483745 -0.9483745 -0.9483745 -0.9483745 -0.9483745
-1.374769 -1.374769 -1.374769 -1.374769 -1.353975 -1.353975 -1.353975 -1.353975 -1.353975 -1.353975 -1.353975 -1.353975 -1.302148 -1.302148 -1.302148 -1.302148 -1.302148 -1.302148 -1.302148 -1.302148 -1.169384 -1.169384 -1.169384 -1.169384 -1.169384 -1.169384 -1.169384 -1.169384 -1.169384 -1.169384 -1.169384 -1.169384 -1.169384 -1.169384 -1.165705 -1.165705 -1.165705 -1.165705 -1.165705 -1.165705 -1.165705 -1.165705 -1.088489 -1.088489 -1.088489 -1.088489 -1.088489 -1.088489 -1.088489 -1.088489 -0.9823442 -0.9823442 -1.477736 -1.477736 -1.477736 -1.477736 -1.421963 -1.421963 -1.432259 -1.432259 -1.411813 -1.411813 -0.9823442 -0.9823442 -0.9823442 -0.9823442 -1.7 -1.7 -0.9483745 -0.9483745 -0.9483745
-1.393157 -1.393157 -1.393157 -1.393157 -1.400844 -1.400844 -1.400844 -1.400844 -1.400844 -1.400844 -1.400844 -1.400844 -1.329392 -1.329392 -1.329392 -1.329392 -1.329392 -1.329392 -1.329392 -1.329392 -1.043704 -1.043704 -1.043704 -1.043704 -1.043704 -1.043704 -1.043704 -1.043704 -1.043704 -1.043704 -1.043704 -1.043704 -1.043704 -1.043704 -0.6935574 -0.6935574 -0.6935574 -0.6935574 -0.6935574 -0.6935574 -0.6935574 -0.6935574 -0.5563514 -0.5563514 -0.5563514 -0.5563514 -0.5563514 -0.5563514 -0.5563514 -0.5563514 -0.4930674 -0.4930674 -1.130349 -1.130349 -1.130349 -1.130349 -1.027099 -1.027099 -1.045286 -1.045286 -1.009534 -1.009534 -0.4930674 -0.4930674 -0.4930674 -0.4930674 -1.7 -1.7 -0.4302285 -0.4302285 -0.4302285
-1.393157 -1.393157 -1.393157 -1.393157 -1.400844 -1.400844 -1.400844 -1.400844 -1.400844 -1.400844 -1.400844 -1.400844 -1.329392 -1.329392 -1.329392 -1.329392 -1.329392 -1.329392 -1.329392 -1.329392 -1.043704 -1.043704 -1.043704 -1.043704 -1.043704 -1.043704 -1.043704 -1.043704 -1.043704 -1.043704 -1.043704 -1.043704 -1.7 -1.7 -0.6935574 -0.6935574 -0.6935574 -0.6935574 -0.6935574 -0.6935574 -0.6935574 -0.6935574 -0.5563514 -0.5563514 -0.5563514 -0.5563514 -0.5563514 -0.5563514 -0.5563514 -0.5563514 -0.4930674 -0.4930674 -1.130349 -1.130349 -1.130349 -1.130349 -1.130349 -1.130349 -1.130349 -1.130349 -1.130349 -1.130349 -1.7 -1.7 -1.7 -1.7 -1.7 -1.7 -0.4302285 -0.4302285 -1.7
-1.393157 -1.393157 -1.393157 -1.393157 -1.400844 -1.400844 -1.400844 -1.400844 -1.400844 -1.400844 -1.400844 -1.400844 -1.329392 -1.329392 -1.329392 -1.329392 -1.329392 -1.329392 -1.329392 -1.329392 -1.043704 -1.043704 -1.043704 -1.043704 -1.043704 -1.043704 -1.043704 -1.043704 -1.043704 -1.043704 -1.043704 -1.043704 -1.7 -1.7 -0.6935574 -0.6935574 -0.6935574 -0.6935574 -0.6935574 -0.6935574 -0.6935574 -0.6935574 -0.5563514 -0.5563514 -0.5563514 -0.5563514 -0.5563514 -0.5563514 -0.5563514 -0.5563514 -0.4930674 -0.4930674 -1.130349 -1.130349 -1.130349 -1.130349 -1.130349 -1.130349 -1.130349 -1.130349 -1.130349 -1.130349 -1.7 -1.7 -1.7 -1.7 -1.7 -1.7 -0.4302285 -0.4302285 -1.7
-1.393157 -1.393157 -1.393157 -1.393157 -1.400844 -1.400844 -1.400844 -1.400844 -1.400844 -1.400844 -1.400844 -1.400844 -1.329392 -1.329392 -1.329392 -1.329392 -1.329392 -1.329392 -1.329392 -1.329392 -1.043704 -1.043704 -1.043704 -1.043704 -1.043704 -1.043704 -1.043704 -1.043704 -1.043704 -1.043704 -1.043704 -1.043704 -1.7 -1.7 -0.6935574 -0.6935574 -1.308939 -1.308939 -0.6935574 -0.6935574 -0.6935574 -0.6935574 -0.5563514 -0.5563514 -1.7 -1.7 -0.5563514 -0.5563514 -1.7 -1.7 -1.130349 -1.130349 -1.130349 -1.130349 -1.130349 -1.130349 -1.130349 -1.130349 -1.130349 -1.130349 -1.130349 -1.130349 -1.7 -1.7 -1.7 -1.7 -1.7 -1.7 -1.7 -1.7 -1.057451
-1.393157 -1.393157 -1.393157 -1.393157 -1.400844 -1.400844 -1.400844 -1.400844 -1.400844 -1.400844 -1.400844 -1.400844 -1.329392 -1.329392 -1.329392 -1.329392 -1.329392 -1.329392 -1.329392 -1.329392 -1.043704 -1.043704 -1.043704 -1.043704 -1.043704 -1.043704 -1.043704 -1.043704 -1.043704 -1.043704 -1.043704 -1.043704 -1.7 -1.7 -0.6935574 -0.6935574 -1.308939 -1.308939 -0.6935574 -0.6935574 -0.6935574 -0.6935574 -0.5563514 -0.5563514 -1.7 -1.7 -0.5563514 -0.5563514 -1.7 -1.7 -1.130349 -1.130349 -1.130349 -1.130349 -1.130349 -1.130349 -1.130349 -1.130349 -1.130349 -1.130349 -1.130349 -1.130349 -1.7 -1.7 -1.7 -1.7 -1.7 -1.7 -1.7 -1.7 -1.057451
