data/Bai2012_Files/other/input_n15.txt
ncols         718
nrows         343
xllcorner     -179.5
yllcorner     -87.730404613883
cellsize      0.5
NODATA_value  -9999
[rows 64 to 95 of 343, columns 355 to 425 of 718]
-1.36362 -1.7 -1.7 -1.7 -1.7 -9999 -9999 -9999 -9999 -9999 -9999 -9999 -9999 -1.527778 -1.527778 -1.7 -1.7 -1.485497 -1.485497 -1.520443 -1.520443 -1.530049 -1.530049 -1.530049 -1.530049 -1.7 -1.7 -1.440877 -1.440877 -1.483088 -1.483088 -1.491435 -1.491435 -1.49818 -1.49818 -1.7 -1.7 -1.7 -1.7 -1.7 -1.7 -1.7 -1.7 -1.7 -1.7 -1.7 -1.7 -1.7 -1.7 -1.7 -1.7 -1.7 -1.7 -1.378299 -1.378299 -1.386013 -1.386013 -1.378299 -1.378299 -1.393157 -1.393157 -1.626256 -1.626256 -1.393157 -1.393157 -1.7 -1.7 -1.393157 -1.393157 -1.7 -1.7
-9999 -9999 -9999 -9999 -9999 -1.7 -1.7 -9999 -9999 -9999 -9999 -9999 -9999 -1.527778 -1.527778 -1.7 -1.7 -1.485497 -1.485497 -1.520443 -1.520443 -1.530049 -1.530049 -1.530049 -1.530049 -1.7 -1.7 -1.440877 -1.440877 -1.483088 -1.483088 -1.491435 -1.491435 -1.49818 -1.49818 -1.7 -1.7 -1.7 -1.7 -1.7 -1.7 -1.7 -1.7 -1.7 -1.7 -1.7 -1.7 -1.7 -1.7 -1.7 -1.7 -1.7 -1.7 -1.378299 -1.378299 -1.386013 -1.386013 -1.378299 -1.378299 -1.393157 -1.393157 -1.626256 -1.626256 -1.393157 -1.393157 -1.7 -1.7 -1.393157 -1.393157 -1.7 -1.7
-9999 -9999 -9999 -9999 -9999 -9999 -9999 -1.442367 -1.442367 -1.442367 -1.442367 -1.531086 -1.531086 -1.475805 -1.475805 -1.477182 -1.477182 -1.49039 -1.49039 -1.469641 -1.469641 -1.447366 -1.447366 -1.475946 -1.475946 -1.7 -1.7 -1.7 -1.7 -1.7 -1.7 -1.7 -1.7 -1.7 -1.7 -1.395613 -1.395613 -1.395613 -1.395613 -1.7 -1.7 -1.7 -1.7 -1.7 -1.7 -1.386449 -1.386449 -1.7 -1.7 -1.7 -1.7 -1.386449 -1.386449 -1.378299 -1.378299 -1.378299 -1.378299 -1.378299 -1.378299 -1.393157 -1.393157 -1.7 -1.7 -1.7 -1.7 -1.7 -1.7 -1.7 -1.7 -1.7 -1.7
-9999 -9999 -9999 -9999 -9999 -9999 -9999 -1.274155 -1.274155 -1.274155 -1.274155 -1.409118 -1.409118 -1.354084 -1.354084 -1.356034 -1.356034 -1.374843 -1.374843 -1.345378 -1.345378 -1.393309 -1.393309 -1.42685 -1.42685 -1.7 -1.7 -1.7 -1.7 -1.7 -1.7 -1.7 -1.7 -1.7 -1.7 -1.23645 -1.23645 -1.23645 -1.23645 -1.7 -1.7 -1.7 -1.7 -1.7 -1.7 -1.275562 -1.275562 -1.7 -1.7 -1.7 -1.7 -1.275562 -1.275562 -1.350755 -1.350755 -1.350755 -1.350755 -1.350755 -1.350755 -0.9731388 -0.9731388 -1.7 -1.7 -1.7 -1.7 -1.7 -1.7 -1.7 -1.7 -1.7 -1.7
-9999 -1.225518 -1.225518 -1.225518 -1.225518 -1.274155 -1.274155 -1.7 -1.7 -1.7 -1.7 -1.7 -1.7 -1.300774 -1.300774 -1.279562 -1.279562 -1.300774 -1.300774 -1.300774 -1.300774 -1.385733 -1.385733 -1.393309 -1.393309 -1.7 -1.7 -1.7 -1.7 -1.375439 -1.375439 -1.23645 -1.23645 -1.23645 -1.23645 -1.23645 -1.23645 -1.23645 -1.23645 -1.7 -1.7 -1.7 -1.7 -1.7 -1.7 -1.7 -1.7 -1.275562 -1.275562 -1.275562 -1.275562 -1.275562 -1.275562 -1.350755 -1.350755 -1.350755 -1.350755 -1.7 -1.7 -0.9731388 -0.9731388 -0.9731388 -0.9731388 -0.9731388 -0.9731388 -0.9731388 -0.9731388 -1.7 -1.7 -1.7 -1.7
-9999 -1.225518 -1.225518 -1.225518 -1.225518 -1.274155 -1.274155 -1.7 -1.7 -1.7 -1.7 -1.7 -1.7 -1.300774 -1.300774 -1.279562 -1.279562 -1.300774 -1.300774 -1.300774 -1.300774 -1.385733 -1.385733 -1.393309 -1.393309 -1.7 -1.7 -1.7 -1.7 -1.375439 -1.375439 -1.23645 -1.23645 -1.23645 -1.23645 -1.23645 -1.23645 -1.23645 -1.23645 -1.7 -1.7 -1.7 -1.7 -1.7 -1.7 -1.7 -1.7 -1.275562 -1.275562 -1.275562 -1.275562 -1.275562 -1.275562 -1.350755 -1.350755 -1.350755 -1.350755 -1.7 -1.7 -0.9731388 -0.9731388 -0.9731388 -0.9731388 -0.9731388 -0.9731388 -0.9731388 -0.9731388 -1.7 -1.7 -1.7 -1.7
-1.147722 -1.080478 -1.080478 -0.7592885 -0.7592885 -1.274155 -1.274155 -1.274155 -1.274155 -1.7 -1.7 -1.7 -1.7 -1.300774 -1.300774 -0.6601444 -0.6601444 -1.7 -1.7 -0.7069825 -0.7069825 -1.7 -1.7 -1.7 -1.7 -1.172759 -1.172759 -1.319718 -1.319718 -1.113243 -1.113243 -1.23645 -1.23645 -1.23645 -1.23645 -1.7 -1.7 -1.246447 -1.246447 -1.246447 -1.246447 -1.7 -1.7 -1.7 -1.7 -1.7 -1.7 -1.275562 -1.275562 -1.275562 -1.275562 -1.591006 -1.591006 -1.350755 -1.350755 -1.350755 -1.350755 -1.7 -1.7 -1.7 -1.7 -0.9731388 -0.9731388 -0.9731388 -0.9731388 -1.7 -1.7 -1.7 -1.7 -1.7 -1.7
-1.147722 -1.080478 -1.080478 -0.7592885 -0.7592885 -1.274155 -1.274155 -1.274155 -1.274155 -1.7 -1.7 -1.7 -1.7 -1.300774 -1.300774 -0.6601444 -0.6601444 -1.7 -1.7 -0.7069825 -0.7069825 -1.7 -1.7 -1.7 -1.7 -1.172759 -1.172759 -1.319718 -1.319718 -1.113243 -1.113243 -1.23645 -1.23645 -1.23645 -1.23645 -1.7 -1.7 -1.246447 -1.246447 -1.246447 -1.246447 -1.7 -1.7 -1.7 -1.7 -1.7 -1.7 -1.275562 -1.275562 -1.275562 -1.275562 -1.591006 -1.591006 -1.350755 -1.350755 -1.350755 -1.350755 -1.7 -1.7 -1.7 -1.7 -0.9731388 -0.9731388 -0.9731388 -0.9731388 -1.7 -1.7 -1.7 -1.7 -1.7 -1.7
-1.044968 -1.7 -1.7 -1.7 -1.7 -1.7 -1.7 -1.7 -1.7 -1.7 -1.7 -1.7 -1.7 -1.7 -1.7 -1.7 -1.7 -1.7 -1.7 -1.300774 -1.300774 -1.116258 -1.116258 -1.282528 -1.282528 -1.488518 -1.488518 -1.49113 -1.49113 -1.578186 -1.578186 -1.578186 -1.578186 -1.23645 -1.23645 -1.23645 -1.23645 -1.7 -1.7 -1.7 -1.7 -1.7 -1.7 -1.7 -1.7 -1.7 -1.7 -1.7 -1.7 -1.7 -1.7 -1.7 -1.7 -1.614079 -1.614079 -1.350755 -1.350755 -1.7 -1.7 -1.7 -1.7 -1.7 -1.7 -1.7 -1.7 -1.7 -1.7 -1.7 -1.7 -1.7 -1.7
-1.044968 -1.7 -1.7 -1.7 -1.7 -1.7 -1.7 -1.7 -1.7 -1.7 -1.7 -1.7 -1.7 -1.7 -1.7 -1.7 -1.7 -1.7 -1.7 -1.300774 -1.300774 -1.116258 -1.116258 -1.282528 -1.282528 -1.488518 -1.488518 -1.49113 -1.49113 -1.578186 -1.578186 -1.578186 -1.578186 -1.23645 -1.23645 -1.23645 -1.23645 -1.7 -1.7 -1.7 -1.7 -1.7 -1.7 -1.7 -1.7 -1.7 -1.7 -1.7 -1.7 -1.7 -1.7 -1.7 -1.7 -1.614079 -1.614079 -1.350755 -1.350755 -1.7 -1.7 -1.7 -1.7 -1.7 -1.7 -1.7 -1.7 -9999 -9999 -1.7 -1.7 -1.7 -1.7
-9999 -1.044968 -1.044968 -1.7 -1.7 -1.7 -1.7 -1.283612 -1.283612 -1.274155 -1.274155 -0.6035703 -0.6035703 -0.6248789 -0.6248789 -0.7456093 -0.7456093 -1.7 -1.7 -1.429094 -1.429094 -1.7 -1.7 -1.7 -1.7 -1.7 -1.7 -1.49113 -1.49113 -1.7 -1.7 -1.23645 -1.23645 -1.23645 -1.23645 -0.6239548 -0.6239548 -1.7 -1.7 -1.7 -1.7 -1.7 -1.7 -1.7 -1.7 -1.7 -1.7 -1.7 -1.7 -1.275562 -1.275562 -1.7 -1.7 -1.7 -1.7 -1.350755 -1.350755 -1.350755 -1.350755 -1.7 -1.7 -1.7 -1.7 -1.7 -1.7 -9999 -9999 -9999 -9999 -1.7 -1.7
-9999 -1.259115 -1.259115 -1.7 -1.7 -1.7 -1.7 -1.082363 -1.082363 -1.070576 -1.070576 -0.4051889 -0.4051889 -0.2577317 -0.2577317 -0.3292505 -0.3292505 -1.7 -1.7 -1.051616 -1.051616 -1.7 -1.7 -1.7 -1.7 -1.7 -1.7 -1.24873 -1.24873 -9999 -9999 -1.19691 -1.19691 -1.19691 -1.19691 -0.5795145 -0.5795145 -1.7 -1.7 -1.7 -1.7 -1.7 -1.7 -1.7 -1.7 -1.7 -1.7 -1.7 -1.7 -1.093876 -1.093876 -1.7 -1.7 -1.7 -1.7 -1.19276 -1.19276 -1.19276 -1.19276 -1.7 -1.7 -1.7 -1.7 -9999 -9999 -9999 -9999 -9999 -9999 -1.7 -1.7
-9999 -9999 -9999 -1.7 -1.7 -1.7 -1.7 -0.4459965 -0.4459965 -1.082363 -1.082363 -1.070576 -1.070576 -0.3887084 -0.3887084 -1.7 -1.7 -1.7 -1.7 -1.7 -1.7 -1.7 -1.7 -1.7 -1.7 -1.7 -1.7 -1.7 -1.7 -9999 -9999 -9999 -9999 -0.5457082 -0.5457082 -0.481505 -0.481505 -0.4743627 -0.4743627 -1.7 -1.7 -1.7 -1.7 -1.7 -1.7 -1.7 -1.7 -1.105468 -1.105468 -0.5008739 -0.5008739 -1.093876 -1.093876 -1.7 -1.7 -1.19276 -1.19276 -1.19276 -1.19276 -1.7 -1.7 -1.7 -1.7 -9999 -9999 -9999 -9999 -9999 -9999 -9999 -9999
-9999 -9999 -9999 -1.7 -1.7 -1.7 -1.7 -0.4459965 -0.4459965 -1.082363 -1.082363 -1.070576 -1.070576 -0.3887084 -0.3887084 -1.7 -1.7 -1.7 -1.7 -1.7 -1.7 -1.7 -1.7 -1.7 -1.7 -1.7 -1.7 -9999 -9999 -9999 -9999 -9999 -9999 -0.5457082 -0.5457082 -0.481505 -0.481505 -0.4743627 -0.4743627 -1.7 -1.7 -1.7 -1.7 -1.7 -1.7 -1.7 -1.7 -1.105468 -1.105468 -0.5008739 -0.5008739 -1.093876 -1.093876 -1.7 -1.7 -1.19276 -1.19276 -1.19276 -1.19276 -1.7 -1.7 -9999 -9999 -9999 -9999 -9999 -9999 -9999 -9999 -9999 -9999
-9999 -9999 -9999 -0.701232 -0.701232 -0.5173446 -0.5173446 -0.9541978 -0.9541978 -0.3851859 -0.3851859 -1.082363 -1.082363 -0.2517916 -0.2517916 -0.8507494 -0.8507494 -1.7 -1.7 -1.7 -1.7 -1.7 -1.7 -0.4007424 -0.4007424 -0.4300509 -0.4300509 -9999 -9999 -9999 -9999 -9999 -9999 -9999 -9999 -1.167442 -1.167442 -0.4771609 -0.4771609 -0.5258824 -0.5258824 -0.5232809 -0.5232809 -1.7 -1.7 -1.7 -1.7 -0.890338 -0.890338 -0.3969859 -0.3969859 -1.7 -1.7 -1.7 -1.7 -1.7 -1.7 -1.7 -1.7 -1.7 -1.7 -9999 -9999 -9999 -9999 -9999 -9999 -9999 -9999 -9999 -9999
-9999 -9999 -9999 -0.701232 -0.701232 -0.5173446 -0.5173446 -0.9541978 -0.9541978 -0.3851859 -0.3851859 -1.082363 -1.082363 -0.2517916 -0.2517916 -0.8507494 -0.8507494 -9999 -9999 -9999 -9999 -9999 -9999 -0.4007424 -0.4007424 -0.4300509 -0.4300509 -1.7 -1.7 -9999 -9999 -9999 -9999 -9999 -9999 -1.167442 -1.167442 -0.4771609 -0.4771609 -0.5258824 -0.5258824 -0.5232809 -0.5232809 -1.7 -1.7 -1.7 -1.7 -0.890338 -0.890338 -0.3969859 -0.3969859 -1.7 -1.7 -1.7 -1.7 -1.7 -1.7 -1.7 -1.7 -9999 -9999 -9999 -9999 -9999 -9999 -9999 -9999 -9999 -9999 -9999 -9999
-9999 -1.259115 -1.259115 -0.581642 -0.581642 -0.5448706 -0.5448706 -0.7578124 -0.7578124 -0.4612725 -0.4612725 -1.7 -1.7 -1.7 -1.7 -0.5474849 -0.5474849 -9999 -9999 -9999 -9999 -9999 -9999 -9999 -9999 -0.3227173 -0.3227173 -1.7 -1.7 -0.5817209 -0.5817209 -9999 -9999 -9999 -9999 -9999 -9999 -1.19691 -1.19691 -1.19691 -1.19691 -1.19691 -1.19691 -1.7 -1.7 -1.7 -1.7 -0.4267038 -0.4267038 -1.7 -1.7 -1.7 -1.7 -1.7 -1.7 -1.7 -1.7 -1.7 -1.7 -9999 -9999 -9999 -9999 -9999 -9999 -9999 -9999 -9999 -9999 -9999 -9999
-9999 -1.259115 -1.259115 -0.581642 -0.581642 -0.5448706 -0.5448706 -0.7578124 -0.7578124 -9999 -9999 -9999 -9999 -9999 -9999 -9999 -9999 -9999 -9999 -9999 -9999 -9999 -9999 -9999 -9999 -0.3227173 -0.3227173 -1.7 -1.7 -0.5817209 -0.5817209 -9999 -9999 -9999 -9999 -9999 -9999 -9999 -9999 -1.19691 -1.19691 -1.19691 -1.19691 -1.7 -1.7 -1.7 -1.7 -0.4267038 -0.4267038 -1.7 -1.7 -1.7 -1.7 -1.7 -1.7 -1.7 -1.7 -1.7 -1.7 -9999 -9999 -9999 -9999 -9999 -9999 -9999 -9999 -9999 -9999 -9999 -9999
-1.388309 -1.7 -1.7 -1.397714 -1.397714 -1.7 -1.7 -1.7 -1.7 -9999 -9999 -9999 -9999 -9999 -9999 -9999 -9999 -9999 -9999 -9999 -9999 -9999 -9999 -9999 -9999 -9999 -9999 -0.4124546 -0.4124546 -1.7 -1.7 -9999 -9999 -9999 -9999 -9999 -9999 -9999 -9999 -9999 -9999 -1.19691 -1.19691 -1.195869 -1.195869 -1.105468 -1.105468 -0.4246194 -0.4246194 -1.7 -1.7 -1.7 -1.7 -0.6267697 -0.6267697 -1.20332 -1.20332 -1.7 -1.7 -9999 -9999 -9999 -9999 -9999 -9999 -9999 -9999 -9999 -9999 -9999 -9999
-1.234598 -1.7 -1.7 -1.247127 -1.247127 -1.7 -1.7 -1.7 -1.7 -9999 -9999 -9999 -9999 -9999 -9999 -9999 -9999 -9999 -9999 -9999 -9999 -9999 -9999 -9999 -9999 -9999 -9999 -9999 -9999 -1.7 -1.7 -0.4818218 -0.4818218 -9999 -9999 -9999 -9999 -9999 -9999 -9999 -9999 -0.9438514 -0.9438514 -0.9426183 -0.9426183 -0.8819773 -0.8819773 -0.2750864 -0.2750864 -1.7 -1.7 -1.7 -1.7 -0.3778958 -0.3778958 -0.9222376 -0.9222376 -1.7 -1.7 -9999 -9999 -9999 -9999 -9999 -9999 -9999 -9999 -9999 -9999 -9999 -9999
-1.7 -1.7 -1.7 -1.7 -1.7 -1.7 -1.7 -1.7 -1.7 -9999 -9999 -9999 -9999 -9999 -9999 -9999 -9999 -9999 -9999 -9999 -9999 -9999 -9999 -9999 -9999 -9999 -9999 -9999 -9999 -9999 -9999 -0.3121398 -0.3121398 -0.3247862 -0.3247862 -9999 -9999 -9999 -9999 -9999 -9999 -9999 -9999 -1.7 -1.7 -1.7 -1.7 -0.2879189 -0.2879189 -1.7 -1.7 -0.4233343 -0.4233343 -0.9096267 -0.9096267 -0.9222376 -0.9222376 -1.7 -1.7 -9999 -9999 -9999 -9999 -9999 -9999 -9999 -9999 -9999 -9999 -0.5007519 -0.5007519
-1.7 -1.7 -1.7 -1.7 -1.7 -9999 -9999 -9999 -9999 -9999 -9999 -9999 -9999 -9999 -9999 -9999 -9999 -9999 -9999 -9999 -9999 -9999 -9999 -9999 -9999 -9999 -9999 -9999 -9999 -9999 -9999 -9999 -9999 -0.3247862 -0.3247862 -1.7 -1.7 -9999 -9999 -9999 -9999 -9999 -9999 -1.7 -1.7 -1.7 -1.7 -0.2879189 -0.2879189 -1.7 -1.7 -9999 -9999 -9999 -9999 -0.9222376 -0.9222376 -9999 -9999 -9999 -9999 -9999 -9999 -9999 -9999 -9999 -9999 -9999 -9999 -0.5007519 -0.5007519
-1.7 -1.7 -1.7 -1.7 -1.7 -9999 -9999 -9999 -9999 -9999 -9999 -9999 -9999 -9999 -9999 -9999 -9999 -9999 -9999 -9999 -9999 -1.121769 -1.121769 -9999 -9999 -9999 -9999 -9999 -9999 -9999 -9999 -9999 -9999 -9999 -9999 -1.7 -1.7 -1.7 -1.7 -9999 -9999 -9999 -9999 -1.7 -1.7 -1.7 -1.7 -1.7 -1.7 -0.5479797 -0.5479797 -9999 -9999 -9999 -9999 -9999 -9999 -9999 -9999 -9999 -9999 -9999 -9999 -1.125447 -1.125447 -0.6258706 -0.6258706 -1.7 -1.7 -1.7 -1.7
-1.7 -1.7 -1.7 -9999 -9999 -9999 -9999 -9999 -9999 -9999 -9999 -9999 -9999 -9999 -9999 -9999 -9999 -9999 -9999 -9999 -9999 -1.121769 -1.121769 -9999 -9999 -9999 -9999 -9999 -9999 -9999 -9999 -9999 -9999 -9999 -9999 -1.7 -1.7 -9999 -9999 -9999 -9999 -9999 -9999 -1.7 -1.7 -1.7 -1.7 -1.7 -1.7 -9999 -9999 -9999 -9999 -9999 -9999 -9999 -9999 -1.7 -1.7 -9999 -9999 -9999 -9999 -1.125447 -1.125447 -0.6258706 -0.6258706 -1.7 -1.7 -1.7 -1.7
-1.7 -1.7 -1.7 -9999 -9999 -9999 -9999 -9999 -9999 -9999 -9999 -9999 -9999 -9999 -9999 -9999 -9999 -9999 -9999 -9999 -9999 -1.121769 -1.121769 -9999 -9999 -9999 -9999 -9999 -9999 -9999 -9999 -9999 -9999 -9999 -9999 -9999 -9999 -9999 -9999 -9999 -9999 -9999 -9999 -9999 -9999 -1.7 -1.7 -0.7469252 -0.7469252 -9999 -9999 -9999 -9999 -9999 -9999 -9999 -9999 -1.7 -1.7 -1.7 -1.7 -1.7 -1.7 -1.7 -1.7 -1.7 -1.7 -1.7 -1.7 -1.7 -1.7
-1.7 -1.7 -1.7 -9999 -9999 -9999 -9999 -9999 -9999 -9999 -9999 -9999 -9999 -9999 -9999 -9999 -9999 -9999 -9999 -9999 -9999 -9999 -9999 -9999 -9999 -9999 -9999 -9999 -9999 -9999 -9999 -9999 -9999 -9999 -9999 -9999 -9999 -9999 -9999 -9999 -9999 -9999 -9999 -9999 -9999 -1.7 -1.7 -0.7469252 -0.7469252 -1.069035 -1.069035 -9999 -9999 -9999 -9999 -9999 -9999 -1.7 -1.7 -1.7 -1.7 -1.7 -1.7 -1.7 -1.7 -1.7 -1.7 -1.7 -1.7 -1.7 -1.7
-1.7 -1.7 -1.7 -9999 -9999 -9999 -9999 -9999 -9999 -9999 -9999 -9999 -9999 -9999 -9999 -9999 -9999 -9999 -9999 -9999 -9999 -9999 -9999 -9999 -9999 -9999 -9999 -9999 -9999 -9999 -9999 -9999 -9999 -9999 -9999 -9999 -9999 -9999 -9999 -9999 -9999 -9999 -9999 -9999 -9999 -9999 -9999 -1.069035 -1.069035 -1.7 -1.7 -9999 -9999 -9999 -9999 -9999 -9999 -9999 -9999 -1.7 -1.7 -1.7 -1.7 -1.7 -1.7 -1.7 -1.7 -1.7 -1.7 -1.7 -1.7
-1.7 -9999 -9999 -9999 -9999 -9999 -9999 -9999 -9999 -9999 -9999 -9999 -9999 -9999 -9999 -9999 -9999 -9999 -9999 -9999 -9999 -9999 -9999 -9999 -9999 -9999 -9999 -9999 -9999 -9999 -9999 -9999 -9999 -9999 -9999 -9999 -9999 -9999 -9999 -9999 -9999 -9999 -9999 -9999 -9999 -9999 -9999 -0.8664721 -0.8664721 -9999 -9999 -9999 -9999 -9999 -9999 -9999 -9999 -9999 -9999 -1.7 -1.7 -1.7 -1.7 -1.7 -1.7 -1.7 -1.7 -1.7 -1.7 -1.7 -1.7
-1.7 -9999 -9999 -9999 -9999 -9999 -9999 -9999 -9999 -9999 -9999 -9999 -9999 -9999 -9999 -9999 -9999 -9999 -9999 -9999 -9999 -9999 -9999 -9999 -9999 -9999 -9999 -9999 -9999 -9999 -9999 -9999 -9999 -9999 -9999 -9999 -9999 -9999 -9999 -9999 -9999 -9999 -9999 -9999 -9999 -9999 -9999 -0.8664721 -0.8664721 -9999 -9999 -9999 -9999 -9999 -9999 -9999 -9999 -9999 -9999 -1.7 -1.7 -1.7 -1.7 -1.7 -1.7 -1.7 -1.7 -1.7 -1.7 -1.7 -1.7
-9999 -9999 -9999 -9999 -9999 -9999 -9999 -9999 -9999 -9999 -9999 -9999 -9999 -9999 -9999 -9999 -9999 -9999 -9999 -9999 -9999 -9999 -9999 -9999 -9999 -9999 -9999 -9999 -9999 -9999 -9999 -9999 -9999 -9999 -9999 -9999 -9999 -9999 -9999 -9999 -9999 -9999 -9999 -9999 -9999 -9999 -9999 -9999 -9999 -9999 -9999 -9999 -9999 -9999 -9999 -9999 -9999 -9999 -9999 -9999 -9999 -1.7 -1.7 -1.7 -1.7 -9999 -9999 -1.7 -1.7 -1.7 -1.7
-9999 -9999 -9999 -9999 -9999 -9999 -9999 -9999 -9999 -9999 -9999 -9999 -9999 -9999 -9999 -1.7 -1.7 -0.4093276 -0.4093276 -1.7 -1.7 -1.7 -1.7 -1.7 -1.7 -9999 -9999 -9999 -9999 -9999 -9999 -9999 -9999 -9999 -9999 -9999 -9999 -9999 -9999 -9999 -9999 -9999 -9999 -9999 -9999 -9999 -9999 -9999 -9999 -9999 -9999 -9999 -9999 -9999 -9999 -9999 -9999 -9999 -9999 -9999 -9999 -9999 -9999 -1.7 -1.7 -9999 -9999 -9999 -9999 -1.7 -1.7
-9999 -9999 -9999 -9999 -9999 -9999 -9999 -1.7 -1.7 -9999 -9999 -1.7 -1.7 -9999 -9999 -1.7 -1.7 -0.4093276 -0.4093276 -1.7 -1.7 -1.7 -1.7 -1.7 -1.7 -9999 -9999 -9999 -9999 -9999 -9999 -9999 -9999 -9999 -9999 -9999 -9999 -9999 -9999 -9999 -9999 -9999 -9999 -9999 -9999 -9999 -9999 -9999 -9999 -9999 -9999 -9999 -9999 -9999 -9999 -9999 -9999 -9999 -9999 -9999 -9999 -9999 -9999 -9999 -9999 -9999 -9999 -9999 -9999 -9999 -9999
