data/Bai2012_Files/other/input_n15.txt
ncols         718
nrows         343
xllcorner     -179.5
yllcorner     -87.730404613883
cellsize      0.5
NODATA_value  -9999
[rows 192 to 223 of 343, columns 213 to 283 of 718]
-0.1781551 -1.049727 -1.049727 -0.09595405 -0.09595405 -0.0969386 -0.0969386 -0.1059765 -0.1059765 -0.1180829 -0.1180829 -0.1238303 -0.1238303 -0.210697 -0.210697 -0.05967484 -0.05967484 -0.2149733 -0.2149733 -0.1663867 -0.1663867 -0.1992896 -0.1992896 -0.06137554 -0.06137554 -0.06887664 -0.06887664 -0.1939149 -0.1939149 -0.1413217 -0.1413217 -0.09997787 -0.09997787 -0.1515745 -0.1515745 -0.2312554 -0.2312554 -0.1254209 -0.1254209 -0.1409648 -0.1409648 -0.1582004 -0.1582004 -0.2977138 -0.2977138 -0.6534961 -0.6534961 -0.1385811 -0.1385811 -0.1268953 -0.1268953 -0.1250272 -0.1250272 -0.142234 -0.142234 -0.2720729 -0.2720729 -0.1167281 -0.1167281 -0.1125878 -0.1125878 -0.1477091 -0.1477091 -0.05926784 -0.05926784 -0.0538388 -0.0538388 -1.7 -1.7 -9999 -9999
-0.1781551 -1.049727 -1.049727 -0.09595405 -0.09595405 -0.0969386 -0.0969386 -0.1059765 -0.1059765 -0.1180829 -0.1180829 -0.1238303 -0.1238303 -0.210697 -0.210697 -0.05967484 -0.05967484 -0.2149733 -0.2149733 -0.1663867 -0.1663867 -0.1992896 -0.1992896 -0.06137554 -0.06137554 -0.06887664 -0.06887664 -0.1939149 -0.1939149 -0.1413217 -0.1413217 -0.09997787 -0.09997787 -0.1515745 -0.1515745 -0.2312554 -0.2312554 -0.1254209 -0.1254209 -0.1409648 -0.1409648 -0.1582004 -0.1582004 -0.2977138 -0.2977138 -0.6534961 -0.6534961 -0.1385811 -0.1385811 -0.1268953 -0.1268953 -0.1250272 -0.1250272 -0.142234 -0.142234 -0.2720729 -0.2720729 -0.1167281 -0.1167281 -0.1125878 -0.1125878 -0.1477091 -0.1477091 -0.05926784 -0.05926784 -0.0538388 -0.0538388 -9999 -9999 -9999 -9999
-1.7 -1.7 -1.7 -1.7 -1.7 -0.4577442 -0.4577442 -0.1486458 -0.1486458 -0.1038581 -0.1038581 -0.2117285 -0.2117285 -0.2275063 -0.2275063 -0.1286493 -0.1286493 -0.09726027 -0.09726027 -0.225529 -0.225529 -0.2158674 -0.2158674 -0.2197054 -0.2197054 -0.2008095 -0.2008095 -0.06828186 -0.06828186 -0.293795 -0.293795 -0.06702302 -0.06702302 -0.07311497 -0.07311497 -0.3871385 -0.3871385 -0.1479824 -0.1479824 -0.1712737 -0.1712737 -0.09400357 -0.09400357 -0.1237127 -0.1237127 -0.1216024 -0.1216024 -0.1342751 -0.1342751 -0.1331947 -0.1331947 -0.1515949 -0.1515949 -0.1138221 -0.1138221 -0.2026822 -0.2026822 -0.1511231 -0.1511231 -0.1153958 -0.1153958 -0.1390738 -0.1390738 -0.08058416 -0.08058416 -1.7 -1.7 -9999 -9999 -9999 -9999
-1.7 -1.7 -1.7 -1.7 -1.7 -0.4577442 -0.4577442 -0.1486458 -0.1486458 -0.1038581 -0.1038581 -0.2117285 -0.2117285 -0.2275063 -0.2275063 -0.1286493 -0.1286493 -0.09726027 -0.09726027 -0.225529 -0.225529 -0.2158674 -0.2158674 -0.2197054 -0.2197054 -0.2008095 -0.2008095 -0.06828186 -0.06828186 -0.293795 -0.293795 -0.06702302 -0.06702302 -0.07311497 -0.07311497 -0.3871385 -0.3871385 -0.1479824 -0.1479824 -0.1712737 -0.1712737 -0.09400357 -0.09400357 -0.1237127 -0.1237127 -0.1216024 -0.1216024 -0.1342751 -0.1342751 -0.1331947 -0.1331947 -0.1515949 -0.1515949 -0.1138221 -0.1138221 -0.2026822 -0.2026822 -0.1511231 -0.1511231 -0.1153958 -0.1153958 -0.1390738 -0.1390738 -0.08058416 -0.08058416 -1.7 -1.7 -9999 -9999 -9999 -9999
-0.5587122 -1.7 -1.7 -1.7 -1.7 -1.7 -1.7 -1.7 -1.7 -0.4235779 -0.4235779 -0.1003247 -0.1003247 -0.2164977 -0.2164977 -0.0714565 -0.0714565 -0.2256271 -0.2256271 -0.05872283 -0.05872283 -0.1255376 -0.1255376 -0.1158944 -0.1158944 -0.2464142 -0.2464142 -0.276945 -0.276945 -0.1791425 -0.1791425 -0.09382388 -0.09382388 -0.1090328 -0.1090328 -0.1039878 -0.1039878 -0.3968818 -0.3968818 -0.146376 -0.146376 -0.141308 -0.141308 -0.1271928 -0.1271928 -0.1113563 -0.1113563 -0.1152729 -0.1152729 -0.1487322 -0.1487322 -0.1663091 -0.1663091 -0.1102874 -0.1102874 -0.2683946 -0.2683946 -0.1660371 -0.1660371 -0.127243 -0.127243 -0.1494273 -0.1494273 -0.08101849 -0.08101849 -0.08578197 -0.08578197 -9999 -9999 -9999 -9999
-0.06252189 -1.7 -1.7 -1.7 -1.7 -1.7 -1.7 -1.7 -1.7 -0.3786076 -0.3786076 -0.08732559 -0.08732559 -0.190236 -0.190236 -0.06205273 -0.06205273 -0.1984061 -0.1984061 -0.05094241 -0.05094241 -0.1094952 -0.1094952 -0.1010053 -0.1010053 -0.2447703 -0.2447703 -0.2751359 -0.2751359 -0.1778924 -0.1778924 -0.09313271 -0.09313271 -0.1308781 -0.1308781 -0.1249016 -0.1249016 -0.4597337 -0.4597337 -0.1748807 -0.1748807 -0.1706058 -0.1706058 -0.153853 -0.153853 -0.1349819 -0.1349819 -0.1396565 -0.1396565 -0.1793921 -0.1793921 -0.2001249 -0.2001249 -0.1337053 -0.1337053 -0.3104073 -0.3104073 -0.1942009 -0.1942009 -0.1494675 -0.1494675 -0.1750952 -0.1750952 -0.07669696 -0.07669696 -0.08121911 -0.08121911 -9999 -9999 -9999 -9999
-0.06252189 -0.5352538 -0.5352538 -1.7 -1.7 -1.7 -1.7 -1.7 -1.7 -0.7549191 -0.7549191 -0.1138054 -0.1138054 -0.07530669 -0.07530669 -0.1731798 -0.1731798 -0.1958053 -0.1958053 -0.04985981 -0.04985981 -0.1015546 -0.1015546 -0.04760347 -0.04760347 -0.06645772 -0.06645772 -0.2610598 -0.2610598 -0.07460181 -0.07460181 -0.2506349 -0.2506349 -0.1248052 -0.1248052 -0.1328745 -0.1328745 -0.167756 -0.167756 -0.1666941 -0.1666941 -0.1404071 -0.1404071 -0.13061 -0.13061 -0.1456483 -0.1456483 -0.1388497 -0.1388497 -0.196204 -0.196204 -0.1622666 -0.1622666 -0.2102434 -0.2102434 -0.2543867 -0.2543867 -0.1597448 -0.1597448 -0.1358006 -0.1358006 -0.1587314 -0.1587314 -0.05224496 -0.05224496 -0.04925075 -0.04925075 -9999 -9999 -9999 -9999
-0.06252189 -0.5352538 -0.5352538 -1.7 -1.7 -1.7 -1.7 -1.7 -1.7 -0.7549191 -0.7549191 -0.1138054 -0.1138054 -0.07530669 -0.07530669 -0.1731798 -0.1731798 -0.1958053 -0.1958053 -0.04985981 -0.04985981 -0.1015546 -0.1015546 -0.04760347 -0.04760347 -0.06645772 -0.06645772 -0.2610598 -0.2610598 -0.07460181 -0.07460181 -0.2506349 -0.2506349 -0.1248052 -0.1248052 -0.1328745 -0.1328745 -0.167756 -0.167756 -0.1666941 -0.1666941 -0.1404071 -0.1404071 -0.13061 -0.13061 -0.1456483 -0.1456483 -0.1388497 -0.1388497 -0.196204 -0.196204 -0.1622666 -0.1622666 -0.2102434 -0.2102434 -0.2543867 -0.2543867 -0.1597448 -0.1597448 -0.1358006 -0.1358006 -0.1587314 -0.1587314 -0.05224496 -0.05224496 -0.04925075 -0.04925075 -9999 -9999 -9999 -9999
-9999 -0.3896395 -0.3896395 -0.3896395 -0.3896395 -0.5352538 -0.5352538 -1.7 -1.7 -1.7 -1.7 -0.7549191 -0.7549191 -0.3786076 -0.3786076 -0.1950383 -0.1950383 -0.1648348 -0.1648348 -0.08544408 -0.08544408 -0.162858 -0.162858 -0.04367386 -0.04367386 -0.08061963 -0.08061963 -0.06922093 -0.06922093 -0.08614092 -0.08614092 -0.2652523 -0.2652523 -0.1229354 -0.1229354 -0.1230824 -0.1230824 -0.1138049 -0.1138049 -0.1504591 -0.1504591 -0.1354077 -0.1354077 -0.1392358 -0.1392358 -0.1283639 -0.1283639 -0.1381315 -0.1381315 -0.170824 -0.170824 -0.2734374 -0.2734374 -0.182831 -0.182831 -0.1946949 -0.1946949 -0.1380045 -0.1380045 -0.1424157 -0.1424157 -0.1354753 -0.1354753 -0.04804329 -0.04804329 -0.04828599 -0.04828599 -9999 -9999 -9999 -9999
-9999 -0.3896395 -0.3896395 -0.3896395 -0.3896395 -0.5352538 -0.5352538 -1.7 -1.7 -1.7 -1.7 -0.7549191 -0.7549191 -0.3786076 -0.3786076 -0.1950383 -0.1950383 -0.1648348 -0.1648348 -0.08544408 -0.08544408 -0.162858 -0.162858 -0.04367386 -0.04367386 -0.08061963 -0.08061963 -0.06922093 -0.06922093 -0.08614092 -0.08614092 -0.2652523 -0.2652523 -0.1229354 -0.1229354 -0.1230824 -0.1230824 -0.1138049 -0.1138049 -0.1504591 -0.1504591 -0.1354077 -0.1354077 -0.1392358 -0.1392358 -0.1283639 -0.1283639 -0.1381315 -0.1381315 -0.170824 -0.170824 -0.2734374 -0.2734374 -0.182831 -0.182831 -0.1946949 -0.1946949 -0.1380045 -0.1380045 -0.1424157 -0.1424157 -0.1354753 -0.1354753 -0.04804329 -0.04804329 -0.04828599 -0.04828599 -9999 -9999 -9999 -9999
-9999 -9999 -9999 -0.3896395 -0.3896395 -0.3896395 -0.3896395 -0.5352538 -0.5352538 -0.9266336 -0.9266336 -1.7 -1.7 -1.7 -1.7 -0.3786076 -0.3786076 -0.3786076 -0.3786076 -0.1385395 -0.1385395 -0.1903168 -0.1903168 -0.04880631 -0.04880631 -0.06825735 -0.06825735 -0.06426655 -0.06426655 -0.07270074 -0.07270074 -0.09626085 -0.09626085 -0.112026 -0.112026 -0.164419 -0.164419 -0.1317307 -0.1317307 -0.1653071 -0.1653071 -0.1547245 -0.1547245 -0.169284 -0.169284 -0.1779313 -0.1779313 -0.1522546 -0.1522546 -0.1589401 -0.1589401 -0.2513081 -0.2513081 -0.1615033 -0.1615033 -0.2127815 -0.2127815 -0.163089 -0.163089 -0.1754494 -0.1754494 -0.1347317 -0.1347317 -0.05188611 -0.05188611 -0.06444445 -0.06444445 -9999 -9999 -9999 -9999
-9999 -9999 -9999 -0.3896395 -0.3896395 -0.3896395 -0.3896395 -0.5352538 -0.5352538 -0.9266336 -0.9266336 -1.7 -1.7 -1.7 -1.7 -0.3786076 -0.3786076 -0.3786076 -0.3786076 -0.1385395 -0.1385395 -0.1903168 -0.1903168 -0.04880631 -0.04880631 -0.06825735 -0.06825735 -0.06426655 -0.06426655 -0.07270074 -0.07270074 -0.09626085 -0.09626085 -0.112026 -0.112026 -0.164419 -0.164419 -0.1317307 -0.1317307 -0.1653071 -0.1653071 -0.1547245 -0.1547245 -0.169284 -0.169284 -0.1779313 -0.1779313 -0.1522546 -0.1522546 -0.1589401 -0.1589401 -0.2513081 -0.2513081 -0.1615033 -0.1615033 -0.2127815 -0.2127815 -0.163089 -0.163089 -0.1754494 -0.1754494 -0.1347317 -0.1347317 -0.05188611 -0.05188611 -0.06444445 -0.06444445 -9999 -9999 -9999 -9999
-9999 -9999 -9999 -9999 -9999 -0.3896395 -0.3896395 -0.5352538 -0.5352538 -0.9266336 -0.9266336 -0.9266336 -0.9266336 -0.9266336 -0.9266336 -1.7 -1.7 -0.1880013 -0.1880013 -0.0456492 -0.0456492 -0.06102184 -0.06102184 -0.05524434 -0.05524434 -0.06916753 -0.06916753 -0.07250757 -0.07250757 -0.0573963 -0.0573963 -0.06225228 -0.06225228 -0.1849341 -0.1849341 -0.1886309 -0.1886309 -0.1295307 -0.1295307 -0.1208751 -0.1208751 -0.1653476 -0.1653476 -0.1511439 -0.1511439 -0.1553446 -0.1553446 -0.2032731 -0.2032731 -0.1665161 -0.1665161 -0.1740402 -0.1740402 -0.2012645 -0.2012645 -0.2622316 -0.2622316 -0.2355068 -0.2355068 -0.2088869 -0.2088869 -0.1242216 -0.1242216 -0.06767575 -0.06767575 -0.08344766 -0.08344766 -9999 -9999 -9999 -9999
-9999 -9999 -9999 -9999 -9999 -0.1884937 -0.1884937 -0.2746951 -0.2746951 -0.6590871 -0.6590871 -0.6590871 -0.6590871 -0.6590871 -0.6590871 -1.7 -1.7 -0.1048157 -0.1048157 -0.0244328 -0.0244328 -0.03280235 -0.03280235 -0.02964832 -0.02964832 -0.09771977 -0.09771977 -0.102352 -0.102352 -0.08133172 -0.08133172 -0.08810414 -0.08810414 -0.2781003 -0.2781003 -0.2833112 -0.2833112 -0.1984415 -0.1984415 -0.1857257 -0.1857257 -0.263704 -0.263704 -0.2423857 -0.2423857 -0.248715 -0.248715 -0.3194926 -0.3194926 -0.2654473 -0.2654473 -0.2766352 -0.2766352 -0.3165785 -0.3165785 -0.2363592 -0.2363592 -0.2118824 -0.2118824 -0.1875908 -0.1875908 -0.1109151 -0.1109151 -0.02328974 -0.02328974 -9999 -9999 -9999 -9999 -9999 -9999
-9999 -9999 -9999 -9999 -9999 -9999 -9999 -0.1884937 -0.1884937 -0.6590871 -0.6590871 -0.6590871 -0.6590871 -0.6590871 -0.6590871 -0.6590871 -0.6590871 -1.7 -1.7 -0.02283541 -0.02283541 -0.04904625 -0.04904625 -0.03992548 -0.03992548 -0.1342072 -0.1342072 -0.1211466 -0.1211466 -0.1054616 -0.1054616 -0.1234499 -0.1234499 -0.2738608 -0.2738608 -0.2307441 -0.2307441 -0.1957651 -0.1957651 -0.2156085 -0.2156085 -0.2540531 -0.2540531 -0.2273183 -0.2273183 -0.2577301 -0.2577301 -0.2991877 -0.2991877 -0.3148749 -0.3148749 -0.3119014 -0.3119014 -0.3886101 -0.3886101 -0.1906647 -0.1906647 -0.2072693 -0.2072693 -0.1683946 -0.1683946 -0.1170341 -0.1170341 -0.02541341 -0.02541341 -9999 -9999 -9999 -9999 -9999 -9999
-9999 -9999 -9999 -9999 -9999 -9999 -9999 -0.1884937 -0.1884937 -0.6590871 -0.6590871 -0.6590871 -0.6590871 -0.6590871 -0.6590871 -0.6590871 -0.6590871 -1.7 -1.7 -0.02283541 -0.02283541 -0.04904625 -0.04904625 -0.03992548 -0.03992548 -0.1342072 -0.1342072 -0.1211466 -0.1211466 -0.1054616 -0.1054616 -0.1234499 -0.1234499 -0.2738608 -0.2738608 -0.2307441 -0.2307441 -0.1957651 -0.1957651 -0.2156085 -0.2156085 -0.2540531 -0.2540531 -0.2273183 -0.2273183 -0.2577301 -0.2577301 -0.2991877 -0.2991877 -0.3148749 -0.3148749 -0.3119014 -0.3119014 -0.3886101 -0.3886101 -0.1906647 -0.1906647 -0.2072693 -0.2072693 -0.1683946 -0.1683946 -0.1170341 -0.1170341 -0.02541341 -0.02541341 -9999 -9999 -9999 -9999 -9999 -9999
-9999 -9999 -9999 -9999 -9999 -9999 -9999 -0.1884937 -0.1884937 -0.6590871 -0.6590871 -0.6590871 -0.6590871 -0.6590871 -0.6590871 -0.6590871 -0.6590871 -0.6779559 -0.6779559 -0.02653542 -0.02653542 -0.05858298 -0.05858298 -0.08051202 -0.08051202 -0.2319592 -0.2319592 -0.1586197 -0.1586197 -0.1277846 -0.1277846 -0.1490578 -0.1490578 -0.17753 -0.17753 -0.1713761 -0.1713761 -0.2144617 -0.2144617 -0.2266794 -0.2266794 -0.2689687 -0.2689687 -0.2462328 -0.2462328 -0.2607824 -0.2607824 -0.2899938 -0.2899938 -0.2991003 -0.2991003 -0.2984029 -0.2984029 -0.3230713 -0.3230713 -0.2169096 -0.2169096 -0.1715801 -0.1715801 -0.1692855 -0.1692855 -0.1599311 -0.1599311 -0.02077095 -0.02077095 -9999 -9999 -9999 -9999 -9999 -9999
-9999 -9999 -9999 -9999 -9999 -9999 -9999 -0.1884937 -0.1884937 -0.6590871 -0.6590871 -0.6590871 -0.6590871 -0.6590871 -0.6590871 -0.6590871 -0.6590871 -0.6779559 -0.6779559 -0.02653542 -0.02653542 -0.05858298 -0.05858298 -0.08051202 -0.08051202 -0.2319592 -0.2319592 -0.1586197 -0.1586197 -0.1277846 -0.1277846 -0.1490578 -0.1490578 -0.17753 -0.17753 -0.1713761 -0.1713761 -0.2144617 -0.2144617 -0.2266794 -0.2266794 -0.2689687 -0.2689687 -0.2462328 -0.2462328 -0.2607824 -0.2607824 -0.2899938 -0.2899938 -0.2991003 -0.2991003 -0.2984029 -0.2984029 -0.3230713 -0.3230713 -0.2169096 -0.2169096 -0.1715801 -0.1715801 -0.1692855 -0.1692855 -0.1599311 -0.1599311 -9999 -9999 -9999 -9999 -9999 -9999 -9999 -9999
-9999 -9999 -9999 -9999 -9999 -9999 -9999 -0.1884937 -0.1884937 -0.6590871 -0.6590871 -0.6590871 -0.6590871 -0.6590871 -0.6590871 -0.6590871 -0.6590871 -0.6779559 -0.6779559 -0.03019265 -0.03019265 -0.05616536 -0.05616536 -0.06732721 -0.06732721 -0.1858243 -0.1858243 -0.1700993 -0.1700993 -0.1299184 -0.1299184 -0.1090025 -0.1090025 -0.1950286 -0.1950286 -0.2017289 -0.2017289 -0.258673 -0.258673 -0.2166382 -0.2166382 -0.2584457 -0.2584457 -0.2361525 -0.2361525 -0.2535498 -0.2535498 -0.2557026 -0.2557026 -0.2851879 -0.2851879 -0.2841984 -0.2841984 -0.2582501 -0.2582501 -0.1849108 -0.1849108 -0.222912 -0.222912 -0.1673913 -0.1673913 -0.1367816 -0.1367816 -9999 -9999 -9999 -9999 -9999 -9999 -9999 -9999
-9999 -9999 -9999 -9999 -9999 -9999 -9999 -0.1884937 -0.1884937 -0.6590871 -0.6590871 -0.6590871 -0.6590871 -0.6590871 -0.6590871 -0.6590871 -0.6590871 -0.6779559 -0.6779559 -0.03019265 -0.03019265 -0.05616536 -0.05616536 -0.06732721 -0.06732721 -0.1858243 -0.1858243 -0.1700993 -0.1700993 -0.1299184 -0.1299184 -0.1090025 -0.1090025 -0.1950286 -0.1950286 -0.2017289 -0.2017289 -0.258673 -0.258673 -0.2166382 -0.2166382 -0.2584457 -0.2584457 -0.2361525 -0.2361525 -0.2535498 -0.2535498 -0.2557026 -0.2557026 -0.2851879 -0.2851879 -0.2841984 -0.2841984 -0.2582501 -0.2582501 -0.1849108 -0.1849108 -0.222912 -0.222912 -0.1673913 -0.1673913 -0.1367816 -0.1367816 -9999 -9999 -9999 -9999 -9999 -9999 -9999 -9999
-9999 -9999 -9999 -9999 -9999 -9999 -9999 -0.1884937 -0.1884937 -0.4940747 -0.4940747 -0.6590871 -0.6590871 -0.6590871 -0.6590871 -0.6590871 -0.6590871 -0.3371921 -0.3371921 -0.03137263 -0.03137263 -0.08023921 -0.08023921 -0.06104452 -0.06104452 -0.1754905 -0.1754905 -0.2621424 -0.2621424 -0.1304441 -0.1304441 -0.1146084 -0.1146084 -0.1787719 -0.1787719 -0.2194417 -0.2194417 -0.2357203 -0.2357203 -0.1955963 -0.1955963 -0.2165722 -0.2165722 -0.299494 -0.299494 -1.7 -1.7 -0.2931907 -0.2931907 -0.2538012 -0.2538012 -0.2744111 -0.2744111 -0.305663 -0.305663 -0.18426 -0.18426 -0.1684192 -0.1684192 -0.1290291 -0.1290291 -0.123921 -0.123921 -9999 -9999 -9999 -9999 -9999 -9999 -9999 -9999
-9999 -9999 -9999 -9999 -9999 -9999 -9999 -0.5206488 -0.5206488 -0.7427294 -0.7427294 -0.9269533 -0.9269533 -0.9269533 -0.9269533 -0.9269533 -0.9269533 -0.5424044 -0.5424044 -0.05844802 -0.05844802 -0.1458027 -0.1458027 -0.1120086 -0.1120086 -0.1572519 -0.1572519 -0.236294 -0.236294 -0.1165294 -0.1165294 -0.1022728 -0.1022728 -0.2210736 -0.2210736 -0.2696609 -0.2696609 -0.2889378 -0.2889378 -0.2412477 -0.2412477 -0.2104442 -0.2104442 -0.2914807 -0.2914807 -1.7 -1.7 -0.2853118 -0.2853118 -0.246795 -0.246795 -0.266941 -0.266941 -0.2975198 -0.2975198 -9999 -9999 -9999 -9999 -9999 -9999 -9999 -9999 -9999 -9999 -9999 -9999 -9999 -9999 -9999 -9999
-9999 -9999 -9999 -9999 -9999 -0.5206488 -0.5206488 -0.5206488 -0.5206488 -0.7427294 -0.7427294 -0.9269533 -0.9269533 -0.9269533 -0.9269533 -0.9269533 -0.9269533 -0.551747 -0.551747 -0.1118689 -0.1118689 -0.1742404 -0.1742404 -0.1019274 -0.1019274 -0.1435265 -0.1435265 -0.1605372 -0.1605372 -0.1387906 -0.1387906 -0.1031973 -0.1031973 -0.1993435 -0.1993435 -0.2163486 -0.2163486 -0.25719 -0.25719 -0.2542714 -0.2542714 -0.2580426 -0.2580426 -1.7 -1.7 -0.2805456 -0.2805456 -0.2812224 -0.2812224 -0.289903 -0.289903 -0.3373261 -0.3373261 -0.3641674 -0.3641674 -9999 -9999 -9999 -9999 -9999 -9999 -9999 -9999 -9999 -9999 -9999 -9999 -9999 -9999 -9999 -9999
-9999 -9999 -9999 -9999 -9999 -0.5206488 -0.5206488 -0.5206488 -0.5206488 -0.7427294 -0.7427294 -0.9269533 -0.9269533 -0.9269533 -0.9269533 -0.9269533 -0.9269533 -0.551747 -0.551747 -0.1118689 -0.1118689 -0.1742404 -0.1742404 -0.1019274 -0.1019274 -0.1435265 -0.1435265 -0.1605372 -0.1605372 -0.1387906 -0.1387906 -0.1031973 -0.1031973 -0.1993435 -0.1993435 -0.2163486 -0.2163486 -0.25719 -0.25719 -0.2542714 -0.2542714 -0.2580426 -0.2580426 -1.7 -1.7 -0.2805456 -0.2805456 -0.2812224 -0.2812224 -0.289903 -0.289903 -9999 -9999 -9999 -9999 -9999 -9999 -9999 -9999 -9999 -9999 -9999 -9999 -9999 -9999 -9999 -9999 -9999 -9999 -9999 -9999
-9999 -9999 -9999 -9999 -9999 -0.5206488 -0.5206488 -0.5206488 -0.5206488 -0.7427294 -0.7427294 -0.9269533 -0.9269533 -0.9269533 -0.9269533 -1.7 -1.7 -0.09895847 -0.09895847 -0.1210484 -0.1210484 -0.1413452 -0.1413452 -0.1087492 -0.1087492 -0.1452218 -0.1452218 -0.1331262 -0.1331262 -0.1377856 -0.1377856 -0.1392016 -0.1392016 -0.2086991 -0.2086991 -0.1827824 -0.1827824 -0.2225445 -0.2225445 -1.7 -1.7 -1.7 -1.7 -0.2505392 -0.2505392 -0.2547258 -0.2547258 -0.2821031 -0.2821031 -0.2386802 -0.2386802 -9999 -9999 -9999 -9999 -9999 -9999 -9999 -9999 -9999 -9999 -9999 -9999 -9999 -9999 -9999 -9999 -9999 -9999 -9999 -9999
-9999 -9999 -9999 -9999 -9999 -0.5206488 -0.5206488 -0.5206488 -0.5206488 -0.7427294 -0.7427294 -0.9269533 -0.9269533 -0.9269533 -0.9269533 -1.7 -1.7 -0.09895847 -0.09895847 -0.1210484 -0.1210484 -0.1413452 -0.1413452 -0.1087492 -0.1087492 -0.1452218 -0.1452218 -0.1331262 -0.1331262 -0.1377856 -0.1377856 -0.1392016 -0.1392016 -0.2086991 -0.2086991 -0.1827824 -0.1827824 -0.2225445 -0.2225445 -1.7 -1.7 -1.7 -1.7 -0.2505392 -0.2505392 -0.2547258 -0.2547258 -0.2821031 -0.2821031 -9999 -9999 -9999 -9999 -9999 -9999 -9999 -9999 -9999 -9999 -9999 -9999 -9999 -9999 -9999 -9999 -9999 -9999 -9999 -9999 -9999 -9999
-9999 -9999 -9999 -9999 -9999 -0.5206488 -0.5206488 -0.5206488 -0.5206488 -0.7427294 -0.7427294 -0.7427294 -0.7427294 -0.9269533 -0.9269533 -1.7 -1.7 -0.1184897 -0.1184897 -0.1600043 -0.1600043 -0.1218376 -0.1218376 -0.1006238 -0.1006238 -0.1716025 -0.1716025 -0.1267096 -0.1267096 -0.1125893 -0.1125893 -0.1302619 -0.1302619 -0.2489236 -0.2489236 -0.223601 -0.223601 -0.2668239 -0.2668239 -0.2617698 -0.2617698 -0.2302497 -0.2302497 -0.2827875 -0.2827875 -0.2886363 -0.2886363 -0.3368102 -0.3368102 -9999 -9999 -9999 -9999 -9999 -9999 -9999 -9999 -9999 -9999 -9999 -9999 -9999 -9999 -9999 -9999 -9999 -9999 -9999 -9999 -9999 -9999
-9999 -9999 -9999 -9999 -9999 -0.5206488 -0.5206488 -0.5206488 -0.5206488 -0.7427294 -0.7427294 -0.7427294 -0.7427294 -0.9269533 -0.9269533 -1.7 -1.7 -0.1184897 -0.1184897 -0.1600043 -0.1600043 -0.1218376 -0.1218376 -0.1006238 -0.1006238 -0.1716025 -0.1716025 -0.1267096 -0.1267096 -0.1125893 -0.1125893 -0.1302619 -0.1302619 -0.2489236 -0.2489236 -0.223601 -0.223601 -0.2668239 -0.2668239 -0.2617698 -0.2617698 -0.2302497 -0.2302497 -0.2827875 -0.2827875 -0.2886363 -0.2886363 -0.3368102 -0.3368102 -9999 -9999 -9999 -9999 -9999 -9999 -9999 -9999 -9999 -9999 -9999 -9999 -9999 -9999 -9999 -9999 -9999 -9999 -9999 -9999 -9999 -9999
-9999 -9999 -9999 -9999 -9999 -0.5206488 -0.5206488 -0.5206488 -0.5206488 -0.7427294 -0.7427294 -0.7427294 -0.7427294 -0.9269533 -0.9269533 -1.7 -1.7 -0.1677866 -0.1677866 -0.3886809 -0.3886809 -0.1318302 -0.1318302 -0.08550564 -0.08550564 -0.128668 -0.128668 -0.09990749 -0.09990749 -0.1165804 -0.1165804 -0.1619359 -0.1619359 -0.2819832 -0.2819832 -0.2272335 -0.2272335 -0.2220093 -0.2220093 -0.2458477 -0.2458477 -0.2862183 -0.2862183 -0.2799907 -0.2799907 -0.3304634 -0.3304634 -0.2810628 -0.2810628 -9999 -9999 -9999 -9999 -9999 -9999 -9999 -9999 -9999 -9999 -9999 -9999 -9999 -9999 -9999 -9999 -9999 -9999 -9999 -9999 -9999 -9999
-9999 -9999 -9999 -9999 -9999 -0.8022056 -0.8022056 -0.8022056 -0.8022056 -0.8657044 -0.8657044 -0.8657044 -0.8657044 -1.047067 -1.047067 -1.7 -1.7 -0.2171627 -0.2171627 -0.4825877 -0.4825877 -0.1718116 -0.1718116 -0.1124452 -0.1124452 -0.1762849 -0.1762849 -0.1378143 -0.1378143 -0.1601799 -0.1601799 -0.2201396 -0.2201396 -0.3004341 -0.3004341 -0.2427152 -0.2427152 -0.2371924 -0.2371924 -0.2623717 -0.2623717 -0.09830481 -0.09830481 -0.09588853 -0.09588853 -0.1158823 -0.1158823 -0.09630354 -0.09630354 -9999 -9999 -9999 -9999 -9999 -9999 -9999 -9999 -9999 -9999 -9999 -9999 -9999 -9999 -9999 -9999 -9999 -9999 -9999 -9999 -9999 -9999
-9999 -9999 -9999 -9999 -9999 -0.8022056 -0.8022056 -0.985987 -0.985987 -0.8657044 -0.8657044 -1.047067 -1.047067 -1.7 -1.7 -0.3905196 -0.3905196 -0.3284916 -0.3284916 -0.6786151 -0.6786151 -0.169673 -0.169673 -0.1393235 -0.1393235 -0.2153122 -0.2153122 -0.1724088 -0.1724088 -0.2227892 -0.2227892 -0.2344462 -0.2344462 -0.3654345 -0.3654345 -0.2868071 -0.2868071 -0.2734592 -0.2734592 -0.3223588 -0.3223588 -0.1026027 -0.1026027 -0.0992631 -0.0992631 -0.1006939 -0.1006939 -0.09844979 -0.09844979 -9999 -9999 -9999 -9999 -9999 -9999 -9999 -9999 -9999 -9999 -9999 -9999 -9999 -9999 -9999 -9999 -9999 -9999 -9999 -9999 -9999 -9999
-9999 -9999 -9999 -9999 -9999 -0.8022056 -0.8022056 -0.985987 -0.985987 -0.8657044 -0.8657044 -1.047067 -1.047067 -1.7 -1.7 -0.3905196 -0.3905196 -0.3284916 -0.3284916 -0.6786151 -0.6786151 -0.169673 -0.169673 -0.1393235 -0.1393235 -0.2153122 -0.2153122 -0.1724088 -0.1724088 -0.2227892 -0.2227892 -0.2344462 -0.2344462 -0.3654345 -0.3654345 -0.2868071 -0.2868071 -0.2734592 -0.2734592 -0.3223588 -0.3223588 -0.1026027 -0.1026027 -0.0992631 -0.0992631 -0.1006939 -0.1006939 -0.09844979 -0.09844979 -9999 -9999 -9999 -9999 -9999 -9999 -9999 -9999 -9999 -9999 -9999 -9999 -9999 -9999 -9999 -9999 -9999 -9999 -9999 -9999 -9999 -9999
