data/Bai2012_Files/other/input_n15.txt
ncols         718
nrows         343
xllcorner     -179.5
yllcorner     -87.730404613883
cellsize      0.5
NODATA_value  -9999
[rows 96 to 127 of 343, columns 355 to 425 of 718]
-9999 -9999 -9999 -1.7 -1.7 -1.7 -1.7 -1.7 -1.7 -1.7 -1.7 -1.7 -1.7 -0.3950454 -0.3950454 -1.7 -1.7 -1.7 -1.7 -1.7 -1.7 -1.7 -1.7 -1.7 -1.7 -9999 -9999 -9999 -9999 -9999 -9999 -9999 -9999 -9999 -9999 -9999 -9999 -9999 -9999 -9999 -9999 -9999 -9999 -9999 -9999 -9999 -9999 -9999 -9999 -9999 -9999 -9999 -9999 -9999 -9999 -9999 -9999 -9999 -9999 -9999 -9999 -9999 -9999 -9999 -9999 -9999 -9999 -9999 -9999 -9999 -9999
-9999 -9999 -9999 -1.7 -1.7 -1.7 -1.7 -1.7 -1.7 -1.7 -1.7 -1.7 -1.7 -0.1961801 -0.1961801 -1.7 -1.7 -1.7 -1.7 -1.7 -1.7 -1.7 -1.7 -1.7 -1.7 -9999 -9999 -9999 -9999 -9999 -9999 -9999 -9999 -9999 -9999 -9999 -9999 -9999 -9999 -9999 -9999 -9999 -9999 -9999 -9999 -9999 -9999 -9999 -9999 -9999 -9999 -9999 -9999 -9999 -9999 -9999 -9999 -9999 -9999 -9999 -9999 -9999 -9999 -9999 -9999 -9999 -9999 -9999 -9999 -9999 -9999
-1.7 -1.7 -1.7 -1.7 -1.7 -1.7 -1.7 -0.2105536 -0.2105536 -0.2105536 -0.2105536 -0.2105536 -0.2105536 -0.1323298 -0.1323298 -0.1323298 -0.1323298 -0.1323298 -0.1323298 -0.1323298 -0.1323298 -0.2548686 -0.2548686 -0.2548686 -0.2548686 -9999 -9999 -9999 -9999 -9999 -9999 -9999 -9999 -9999 -9999 -9999 -9999 -9999 -9999 -9999 -9999 -9999 -9999 -9999 -9999 -9999 -9999 -9999 -9999 -9999 -9999 -9999 -9999 -9999 -9999 -9999 -9999 -9999 -9999 -9999 -9999 -9999 -9999 -9999 -9999 -9999 -9999 -9999 -9999 -9999 -9999
-1.7 -1.7 -1.7 -1.7 -1.7 -1.7 -1.7 -0.2105536 -0.2105536 -0.2105536 -0.2105536 -0.2105536 -0.2105536 -0.1323298 -0.1323298 -0.1323298 -0.1323298 -0.1323298 -0.1323298 -0.1323298 -0.1323298 -0.2548686 -0.2548686 -0.2548686 -0.2548686 -9999 -9999 -9999 -9999 -9999 -9999 -9999 -9999 -9999 -9999 -9999 -9999 -9999 -9999 -9999 -9999 -9999 -9999 -9999 -9999 -9999 -9999 -9999 -9999 -9999 -9999 -9999 -9999 -9999 -9999 -9999 -9999 -9999 -9999 -9999 -9999 -9999 -9999 -9999 -9999 -9999 -9999 -9999 -9999 -9999 -9999
-0.2768646 -0.2768646 -0.2768646 -0.1900731 -0.1900731 -0.2105536 -0.2105536 -0.2105536 -0.2105536 -0.1424683 -0.1424683 -0.1424683 -0.1424683 -0.1323298 -0.1323298 -0.1323298 -0.1323298 -0.1323298 -0.1323298 -0.1323298 -0.1323298 -0.1741288 -0.1741288 -0.1741288 -0.1741288 -9999 -9999 -9999 -9999 -9999 -9999 -9999 -9999 -9999 -9999 -9999 -9999 -9999 -9999 -9999 -9999 -9999 -9999 -9999 -9999 -9999 -9999 -9999 -9999 -9999 -9999 -9999 -9999 -9999 -9999 -9999 -9999 -9999 -9999 -9999 -9999 -9999 -9999 -9999 -9999 -9999 -9999 -9999 -9999 -9999 -9999
-0.2768646 -0.2768646 -0.2768646 -0.1900731 -0.1900731 -0.2105536 -0.2105536 -0.2105536 -0.2105536 -0.1424683 -0.1424683 -0.1424683 -0.1424683 -0.1323298 -0.1323298 -0.1323298 -0.1323298 -0.1323298 -0.1323298 -0.1323298 -0.1323298 -0.1741288 -0.1741288 -0.1741288 -0.1741288 -0.1741288 -0.1741288 -9999 -9999 -9999 -9999 -9999 -9999 -9999 -9999 -9999 -9999 -9999 -9999 -9999 -9999 -9999 -9999 -9999 -9999 -9999 -9999 -9999 -9999 -9999 -9999 -9999 -9999 -9999 -9999 -9999 -9999 -9999 -9999 -9999 -9999 -9999 -9999 -9999 -9999 -9999 -9999 -9999 -9999 -9999 -9999
-0.1900731 -0.2768646 -0.2768646 -0.1900731 -0.1900731 -0.1424683 -0.1424683 -0.1424683 -0.1424683 -0.1424683 -0.1424683 -0.1424683 -0.1424683 -0.1323298 -0.1323298 -0.1323298 -0.1323298 -0.1323298 -0.1323298 -0.1323298 -0.1323298 -0.1741288 -0.1741288 -0.1741288 -0.1741288 -0.1741288 -0.1741288 -0.1741288 -0.1741288 -0.2714286 -0.2714286 -1.7 -1.7 -9999 -9999 -9999 -9999 -9999 -9999 -9999 -9999 -9999 -9999 -9999 -9999 -1.7 -1.7 -1.7 -1.7 -9999 -9999 -9999 -9999 -9999 -9999 -9999 -9999 -9999 -9999 -9999 -9999 -9999 -9999 -9999 -9999 -9999 -9999 -9999 -9999 -9999 -9999
-0.1900731 -0.2768646 -0.2768646 -0.1900731 -0.1900731 -0.1424683 -0.1424683 -0.1424683 -0.1424683 -0.1424683 -0.1424683 -0.1424683 -0.1424683 -0.1323298 -0.1323298 -0.1323298 -0.1323298 -0.1323298 -0.1323298 -0.1323298 -0.1323298 -0.1741288 -0.1741288 -0.1741288 -0.1741288 -0.1741288 -0.1741288 -0.1741288 -0.1741288 -0.2714286 -0.2714286 -1.7 -1.7 -0.2714286 -0.2714286 -9999 -9999 -9999 -9999 -9999 -9999 -9999 -9999 -9999 -9999 -1.7 -1.7 -1.7 -1.7 -0.2448137 -0.2448137 -9999 -9999 -9999 -9999 -9999 -9999 -9999 -9999 -9999 -9999 -9999 -9999 -9999 -9999 -9999 -9999 -9999 -9999 -9999 -9999
-0.1900731 -0.1900731 -0.1900731 -0.1900731 -0.1900731 -0.1424683 -0.1424683 -0.1424683 -0.1424683 -0.1424683 -0.1424683 -0.1424683 -0.1424683 -0.1323298 -0.1323298 -0.1323298 -0.1323298 -0.1323298 -0.1323298 -0.1323298 -0.1323298 -0.1741288 -0.1741288 -0.1741288 -0.1741288 -0.1741288 -0.1741288 -1.7 -1.7 -1.7 -1.7 -0.2714286 -0.2714286 -0.2714286 -0.2714286 -9999 -9999 -9999 -9999 -9999 -9999 -9999 -9999 -9999 -9999 -0.3507937 -0.3507937 -0.2448137 -0.2448137 -0.2448137 -0.2448137 -0.2448137 -0.2448137 -0.2871425 -0.2871425 -0.2871425 -0.2871425 -9999 -9999 -9999 -9999 -9999 -9999 -9999 -9999 -1.7 -1.7 -9999 -9999 -9999 -9999
-0.130201 -0.130201 -0.130201 -0.130201 -0.130201 -0.1033149 -0.1033149 -0.1033149 -0.1033149 -0.1033149 -0.1033149 -0.1033149 -0.1033149 -0.1259259 -0.1259259 -0.1259259 -0.1259259 -0.1259259 -0.1259259 -0.1259259 -0.1259259 -0.1574326 -0.1574326 -0.1574326 -0.1574326 -0.1574326 -0.1574326 -1.7 -1.7 -1.7 -1.7 -0.1741288 -0.1741288 -0.1741288 -0.1741288 -0.1741288 -0.1741288 -9999 -9999 -9999 -9999 -9999 -9999 -9999 -9999 -0.2526316 -0.2526316 -0.1725159 -0.1725159 -0.1725159 -0.1725159 -0.1725159 -0.1725159 -0.2168078 -0.2168078 -0.2168078 -0.2168078 -0.2168078 -0.2168078 -9999 -9999 -9999 -9999 -9999 -9999 -1.7 -1.7 -1.7 -1.7 -9999 -9999
-0.130201 -0.130201 -0.130201 -0.130201 -0.130201 -0.1033149 -0.1033149 -0.1033149 -0.1033149 -0.1033149 -0.1033149 -0.1033149 -0.1033149 -0.1259259 -0.1259259 -0.1259259 -0.1259259 -0.1259259 -0.1259259 -0.1259259 -0.1259259 -0.1574326 -0.1574326 -0.1574326 -0.1574326 -0.1574326 -0.1574326 -0.1574326 -0.1574326 -0.1741288 -0.1741288 -0.1741288 -0.1741288 -0.1741288 -0.1741288 -0.1741288 -0.1741288 -0.1741288 -0.1741288 -0.1741288 -0.1741288 -9999 -9999 -9999 -9999 -0.1725159 -0.1725159 -0.1725159 -0.1725159 -0.1725159 -0.1725159 -0.1725159 -0.1725159 -0.2168078 -0.2168078 -0.2168078 -0.2168078 -0.2168078 -0.2168078 -0.8794435 -0.8794435 -0.8794435 -0.8794435 -0.8794435 -0.8794435 -1.7 -1.7 -0.08032259 -0.08032259 -0.8794435 -0.8794435
-0.130201 -0.130201 -0.130201 -0.130201 -0.130201 -0.1033149 -0.1033149 -0.1033149 -0.1033149 -0.1033149 -0.1033149 -0.1033149 -0.1033149 -0.1259259 -0.1259259 -0.1259259 -0.1259259 -0.1259259 -0.1259259 -0.1259259 -0.1259259 -0.1574326 -0.1574326 -0.1574326 -0.1574326 -0.1574326 -0.1574326 -0.1574326 -0.1574326 -0.1741288 -0.1741288 -0.1741288 -0.1741288 -0.1741288 -0.1741288 -0.1741288 -0.1741288 -0.1741288 -0.1741288 -0.1741288 -0.1741288 -0.1741288 -0.1741288 -9999 -9999 -0.1725159 -0.1725159 -0.1725159 -0.1725159 -0.1725159 -0.1725159 -0.1725159 -0.1725159 -0.2168078 -0.2168078 -0.2168078 -0.2168078 -0.2168078 -0.2168078 -0.8794435 -0.8794435 -0.8794435 -0.8794435 -0.8794435 -0.8794435 -1.7 -1.7 -0.08032259 -0.08032259 -0.8794435 -0.8794435
-0.130201 -0.130201 -0.130201 -0.130201 -0.130201 -0.1033149 -0.1033149 -0.1033149 -0.1033149 -0.1033149 -0.1033149 -0.1033149 -0.1033149 -0.1259259 -0.1259259 -0.1259259 -0.1259259 -0.1259259 -0.1259259 -0.1259259 -0.1259259 -0.1574326 -0.1574326 -0.1574326 -0.1574326 -0.1574326 -0.1574326 -0.1574326 -0.1574326 -0.1741288 -0.1741288 -0.1741288 -0.1741288 -0.1741288 -0.1741288 -0.1741288 -0.1741288 -0.1741288 -0.1741288 -0.1741288 -0.1741288 -0.1741288 -0.1741288 -0.1741288 -0.1741288 -0.1725159 -0.1725159 -0.1725159 -0.1725159 -0.1725159 -0.1725159 -0.1725159 -0.1725159 -0.2168078 -0.2168078 -0.2168078 -0.2168078 -0.2168078 -0.2168078 -0.8794435 -0.8794435 -0.8794435 -0.8794435 -0.8794435 -0.8794435 -1.060027 -1.060027 -1.060027 -1.060027 -0.8794435 -0.8794435
-0.130201 -0.130201 -0.130201 -0.130201 -0.130201 -0.1033149 -0.1033149 -0.1033149 -0.1033149 -0.1033149 -0.1033149 -0.1033149 -0.1033149 -0.1259259 -0.1259259 -0.1259259 -0.1259259 -0.1259259 -0.1259259 -0.1259259 -0.1259259 -0.1574326 -0.1574326 -0.1574326 -0.1574326 -0.1574326 -0.1574326 -0.1574326 -0.1574326 -0.1741288 -0.1741288 -0.1741288 -0.1741288 -0.1741288 -0.1741288 -0.1741288 -0.1741288 -0.1741288 -0.1741288 -0.1741288 -0.1741288 -0.1741288 -0.1741288 -0.1741288 -0.1741288 -0.1725159 -0.1725159 -0.1725159 -0.1725159 -0.1725159 -0.1725159 -0.1725159 -0.1725159 -0.2168078 -0.2168078 -0.2168078 -0.2168078 -0.2168078 -0.2168078 -0.8794435 -0.8794435 -0.8794435 -0.8794435 -0.8794435 -0.8794435 -1.060027 -1.060027 -1.060027 -1.060027 -0.8794435 -0.8794435
-0.130201 -0.130201 -0.130201 -0.130201 -0.130201 -0.1033149 -0.1033149 -0.1033149 -0.1033149 -0.1033149 -0.1033149 -0.1033149 -0.1033149 -0.1259259 -0.1259259 -0.1259259 -0.1259259 -0.1259259 -0.1259259 -0.1259259 -0.1259259 -0.1574326 -0.1574326 -0.1574326 -0.1574326 -0.1574326 -0.1574326 -0.1574326 -0.1574326 -0.1741288 -0.1741288 -0.1741288 -0.1741288 -0.1741288 -0.1741288 -0.1741288 -0.1741288 -0.1741288 -0.1741288 -0.1741288 -0.1741288 -0.1741288 -0.1741288 -0.1741288 -0.1741288 -0.1725159 -0.1725159 -0.1725159 -0.1725159 -0.1725159 -0.1725159 -0.1725159 -0.1725159 -0.2168078 -0.2168078 -0.2168078 -0.2168078 -0.2168078 -0.2168078 -0.8794435 -0.8794435 -0.8794435 -0.8794435 -0.8794435 -0.8794435 -1.060027 -1.060027 -0.8794435 -0.8794435 -0.8794435 -0.8794435
-0.130201 -0.130201 -0.130201 -0.130201 -0.130201 -0.1033149 -0.1033149 -0.1033149 -0.1033149 -0.1033149 -0.1033149 -0.1033149 -0.1033149 -0.1259259 -0.1259259 -0.1259259 -0.1259259 -0.1259259 -0.1259259 -0.1259259 -0.1259259 -0.1574326 -0.1574326 -0.1574326 -0.1574326 -0.1574326 -0.1574326 -0.1574326 -0.1574326 -0.1741288 -0.1741288 -0.1741288 -0.1741288 -0.1741288 -0.1741288 -0.1741288 -0.1741288 -0.1741288 -0.1741288 -0.1741288 -0.1741288 -0.1741288 -0.1741288 -0.1741288 -0.1741288 -0.1725159 -0.1725159 -0.1725159 -0.1725159 -0.1725159 -0.1725159 -0.1725159 -0.1725159 -0.2168078 -0.2168078 -0.2168078 -0.2168078 -0.2168078 -0.2168078 -0.8794435 -0.8794435 -0.8794435 -0.8794435 -0.8794435 -0.8794435 -1.060027 -1.060027 -0.8794435 -0.8794435 -0.8794435 -0.8794435
-0.130201 -0.130201 -0.130201 -0.130201 -0.130201 -0.1033149 -0.1033149 -0.1033149 -0.1033149 -0.1033149 -0.1033149 -0.1033149 -0.1033149 -0.1259259 -0.1259259 -0.1259259 -0.1259259 -0.1259259 -0.1259259 -0.1259259 -0.1259259 -0.1574326 -0.1574326 -0.1574326 -0.1574326 -0.1574326 -0.1574326 -0.1574326 -0.1574326 -0.1741288 -0.1741288 -0.1741288 -0.1741288 -0.1741288 -0.1741288 -0.1741288 -0.1741288 -0.1741288 -0.1741288 -0.1741288 -0.1741288 -0.1741288 -0.1741288 -0.1741288 -0.1741288 -0.1725159 -0.1725159 -0.1725159 -0.1725159 -0.1725159 -0.1725159 -0.1725159 -0.1725159 -0.2168078 -0.2168078 -0.2168078 -0.2168078 -0.2168078 -0.2168078 -0.8794435 -0.8794435 -0.8794435 -0.8794435 -0.8794435 -0.8794435 -0.8794435 -0.8794435 -0.8794435 -0.8794435 -0.8794435 -0.8794435
-0.1233497 -0.1233497 -0.1233497 -0.1233497 -0.1233497 -0.1741288 -0.1741288 -0.1741288 -0.1741288 -0.1741288 -0.1741288 -0.1741288 -0.1741288 -0.2389282 -0.2389282 -0.2389282 -0.2389282 -0.2389282 -0.2389282 -0.2389282 -0.2389282 -0.1160044 -0.1160044 -0.1160044 -0.1160044 -0.1160044 -0.1160044 -0.1160044 -0.1160044 -0.1721121 -0.1721121 -0.1721121 -0.1721121 -0.1721121 -0.1721121 -0.1721121 -0.1721121 -0.1721121 -0.1721121 -0.1721121 -0.1721121 -0.1721121 -0.1721121 -0.1721121 -0.1721121 -0.1120879 -0.1120879 -0.1120879 -0.1120879 -0.1120879 -0.1120879 -0.1120879 -0.1120879 -0.1458188 -0.1458188 -0.1458188 -0.1458188 -0.1458188 -0.1458188 -0.433567 -0.433567 -0.433567 -0.433567 -0.433567 -0.433567 -0.433567 -0.433567 -0.433567 -0.433567 -0.433567 -0.433567
-0.1233497 -0.1233497 -0.1233497 -0.1233497 -0.1233497 -0.1741288 -0.1741288 -0.1741288 -0.1741288 -0.1741288 -0.1741288 -0.1741288 -0.1741288 -0.2389282 -0.2389282 -0.2389282 -0.2389282 -0.2389282 -0.2389282 -0.2389282 -0.2389282 -0.1160044 -0.1160044 -0.1160044 -0.1160044 -0.1160044 -0.1160044 -0.1160044 -0.1160044 -0.1721121 -0.1721121 -0.1721121 -0.1721121 -0.1721121 -0.1721121 -0.1721121 -0.1721121 -0.1721121 -0.1721121 -0.1721121 -0.1721121 -0.1721121 -0.1721121 -0.1721121 -0.1721121 -0.1120879 -0.1120879 -0.1120879 -0.1120879 -0.1120879 -0.1120879 -0.1120879 -0.1120879 -0.1458188 -0.1458188 -0.1458188 -0.1458188 -0.1458188 -0.1458188 -0.433567 -0.433567 -0.433567 -0.433567 -0.433567 -0.433567 -0.433567 -0.433567 -0.433567 -0.433567 -0.5882283 -0.5882283
-0.1233497 -0.1233497 -0.1233497 -0.1233497 -0.1233497 -0.1741288 -0.1741288 -0.1741288 -0.1741288 -0.1741288 -0.1741288 -0.1741288 -0.1741288 -0.2389282 -0.2389282 -0.2389282 -0.2389282 -0.2389282 -0.2389282 -0.2389282 -0.2389282 -0.1160044 -0.1160044 -0.1160044 -0.1160044 -0.1160044 -0.1160044 -0.1160044 -0.1160044 -0.1721121 -0.1721121 -0.1721121 -0.1721121 -0.1721121 -0.1721121 -0.1721121 -0.1721121 -0.1721121 -0.1721121 -0.1721121 -0.1721121 -0.1721121 -0.1721121 -0.1721121 -0.1721121 -0.1120879 -0.1120879 -0.1120879 -0.1120879 -0.1120879 -0.1120879 -0.1120879 -0.1120879 -0.1458188 -0.1458188 -0.1458188 -0.1458188 -0.1458188 -0.1458188 -0.433567 -0.433567 -0.433567 -0.433567 -0.433567 -0.433567 -0.433567 -0.433567 -0.433567 -0.433567 -0.5882283 -0.5882283
-0.1233497 -0.1233497 -0.1233497 -0.1233497 -0.1233497 -0.1741288 -0.1741288 -0.1741288 -0.1741288 -0.1741288 -0.1741288 -0.1741288 -0.1741288 -0.2389282 -0.2389282 -0.2389282 -0.2389282 -0.2389282 -0.2389282 -0.2389282 -0.2389282 -0.1160044 -0.1160044 -0.1160044 -0.1160044 -0.1160044 -0.1160044 -0.1160044 -0.1160044 -0.1721121 -0.1721121 -0.1721121 -0.1721121 -0.1721121 -0.1721121 -0.1721121 -0.1721121 -0.1721121 -0.1721121 -0.1721121 -0.1721121 -0.1721121 -0.1721121 -0.1721121 -0.1721121 -0.1120879 -0.1120879 -0.1120879 -0.1120879 -0.1120879 -0.1120879 -0.1120879 -0.1120879 -0.1458188 -0.1458188 -0.1458188 -0.1458188 -0.1458188 -0.1458188 -0.433567 -0.433567 -0.433567 -0.433567 -0.433567 -0.433567 -0.433567 -0.433567 -0.433567 -0.433567 -0.5882283 -0.5882283
-0.1233497 -0.1233497 -0.1233497 -0.1233497 -0.1233497 -0.1741288 -0.1741288 -0.1741288 -0.1741288 -0.1741288 -0.1741288 -0.1741288 -0.1741288 -0.2389282 -0.2389282 -0.2389282 -0.2389282 -0.2389282 -0.2389282 -0.2389282 -0.2389282 -0.1160044 -0.1160044 -0.1160044 -0.1160044 -0.1160044 -0.1160044 -0.1160044 -0.1160044 -0.1721121 -0.1721121 -0.1721121 -0.1721121 -0.1721121 -0.1721121 -0.1721121 -0.1721121 -0.1721121 -0.1721121 -0.1721121 -0.1721121 -0.1721121 -0.1721121 -0.1721121 -0.1721121 -0.1120879 -0.1120879 -0.1120879 -0.1120879 -0.1120879 -0.1120879 -0.1120879 -0.1120879 -0.1458188 -0.1458188 -0.1458188 -0.1458188 -0.1458188 -0.1458188 -0.433567 -0.433567 -0.433567 -0.433567 -0.433567 -0.433567 -0.433567 -0.433567 -0.433567 -0.433567 -0.5882283 -0.5882283
-0.1233497 -0.1233497 -0.1233497 -0.1233497 -0.1233497 -0.1741288 -0.1741288 -0.1741288 -0.1741288 -0.1741288 -0.1741288 -0.1741288 -0.1741288 -0.2389282 -0.2389282 -0.2389282 -0.2389282 -0.2389282 -0.2389282 -0.2389282 -0.2389282 -0.1160044 -0.1160044 -0.1160044 -0.1160044 -0.1160044 -0.1160044 -0.1160044 -0.1160044 -0.1721121 -0.1721121 -0.1721121 -0.1721121 -0.1721121 -0.1721121 -0.1721121 -0.1721121 -0.1721121 -0.1721121 -0.1721121 -0.1721121 -0.1721121 -0.1721121 -0.1721121 -0.1721121 -0.1120879 -0.1120879 -0.1120879 -0.1120879 -0.1120879 -0.1120879 -0.1120879 -0.1120879 -0.1458188 -0.1458188 -0.1458188 -0.1458188 -0.1458188 -0.1458188 -0.433567 -0.433567 -0.433567 -0.433567 -0.433567 -0.433567 -0.433567 -0.433567 -0.433567 -0.433567 -0.433567 -0.433567
-0.1233497 -0.1233497 -0.1233497 -0.1233497 -0.1233497 -0.1741288 -0.1741288 -0.1741288 -0.1741288 -0.1741288 -0.1741288 -0.1741288 -0.1741288 -0.2389282 -0.2389282 -0.2389282 -0.2389282 -0.2389282 -0.2389282 -0.2389282 -0.2389282 -0.1160044 -0.1160044 -0.1160044 -0.1160044 -0.1160044 -0.1160044 -0.1160044 -0.1160044 -0.1721121 -0.1721121 -0.1721121 -0.1721121 -0.1721121 -0.1721121 -0.1721121 -0.1721121 -0.1721121 -0.1721121 -0.1721121 -0.1721121 -0.1721121 -0.1721121 -0.1721121 -0.1721121 -0.1120879 -0.1120879 -0.1120879 -0.1120879 -0.1120879 -0.1120879 -0.1120879 -0.1120879 -0.1458188 -0.1458188 -0.1458188 -0.1458188 -0.1458188 -0.1458188 -0.433567 -0.433567 -0.433567 -0.433567 -0.433567 -0.433567 -0.433567 -0.433567 -0.433567 -0.433567 -0.433567 -0.433567
-0.1233497 -0.1233497 -0.1233497 -0.1233497 -0.1233497 -0.1741288 -0.1741288 -0.1741288 -0.1741288 -0.1741288 -0.1741288 -0.1741288 -0.1741288 -0.2389282 -0.2389282 -0.2389282 -0.2389282 -0.2389282 -0.2389282 -0.2389282 -0.2389282 -0.1160044 -0.1160044 -0.1160044 -0.1160044 -0.1160044 -0.1160044 -0.1160044 -0.1160044 -0.1721121 -0.1721121 -0.1721121 -0.1721121 -0.1721121 -0.1721121 -0.1721121 -0.1721121 -0.1721121 -0.1721121 -0.1721121 -0.1721121 -0.1721121 -0.1721121 -0.1721121 -0.1721121 -0.1120879 -0.1120879 -0.1120879 -0.1120879 -0.1120879 -0.1120879 -0.1120879 -0.1120879 -0.1458188 -0.1458188 -0.1458188 -0.1458188 -0.1458188 -0.1458188 -0.433567 -0.433567 -0.433567 -0.433567 -0.433567 -0.433567 -0.433567 -0.433567 -0.433567 -0.433567 -0.433567 -0.433567
-0.2466432 -0.2466432 -0.2466432 -0.2466432 -0.2466432 -0.3422363 -0.3422363 -0.3422363 -0.3422363 -0.3422363 -0.3422363 -0.3422363 -0.3422363 -0.2068458 -0.2068458 -0.2068458 -0.2068458 -0.2068458 -0.2068458 -0.2068458 -0.2068458 -0.1470715 -0.1470715 -0.1470715 -0.1470715 -0.1470715 -0.1470715 -0.1470715 -0.1470715 -0.3145733 -0.3145733 -0.3145733 -0.3145733 -0.3145733 -0.3145733 -0.3145733 -0.3145733 -0.3145733 -0.3145733 -0.3145733 -0.3145733 -0.3145733 -0.3145733 -0.3145733 -0.3145733 -0.4014154 -0.4014154 -0.4014154 -0.4014154 -0.4014154 -0.4014154 -0.4014154 -0.4014154 -0.2006485 -0.2006485 -0.2006485 -0.2006485 -0.2006485 -0.2006485 -0.4080912 -0.4080912 -0.4080912 -0.4080912 -0.4080912 -0.4080912 -0.4080912 -0.4080912 -0.4080912 -0.4080912 -0.4080912 -0.4080912
-0.2466432 -0.2466432 -0.2466432 -0.2466432 -0.2466432 -0.3422363 -0.3422363 -0.3422363 -0.3422363 -0.3422363 -0.3422363 -0.3422363 -0.3422363 -0.2068458 -0.2068458 -0.2068458 -0.2068458 -0.2068458 -0.2068458 -0.2068458 -0.2068458 -0.1470715 -0.1470715 -0.1470715 -0.1470715 -0.1470715 -0.1470715 -0.1470715 -0.1470715 -0.3145733 -0.3145733 -0.3145733 -0.3145733 -0.3145733 -0.3145733 -0.3145733 -0.3145733 -0.3145733 -0.3145733 -0.3145733 -0.3145733 -0.3145733 -0.3145733 -0.3145733 -0.3145733 -0.4014154 -0.4014154 -0.4014154 -0.4014154 -0.4014154 -0.4014154 -0.4014154 -0.4014154 -0.2006485 -0.2006485 -0.2006485 -0.2006485 -0.2006485 -0.2006485 -0.4080912 -0.4080912 -0.4080912 -0.4080912 -0.4080912 -0.4080912 -0.4080912 -0.4080912 -0.4080912 -0.4080912 -0.4080912 -0.4080912
-0.2466432 -0.2466432 -0.2466432 -0.2466432 -0.2466432 -0.3422363 -0.3422363 -0.3422363 -0.3422363 -0.3422363 -0.3422363 -0.3422363 -0.3422363 -0.2068458 -0.2068458 -0.2068458 -0.2068458 -0.2068458 -0.2068458 -0.2068458 -0.2068458 -0.1470715 -0.1470715 -0.1470715 -0.1470715 -0.1470715 -0.1470715 -0.1470715 -0.1470715 -0.3145733 -0.3145733 -0.3145733 -0.3145733 -0.3145733 -0.3145733 -0.3145733 -0.3145733 -0.3145733 -0.3145733 -0.3145733 -0.3145733 -0.3145733 -0.3145733 -0.3145733 -0.3145733 -0.4014154 -0.4014154 -0.4014154 -0.4014154 -0.4014154 -0.4014154 -0.4014154 -0.4014154 -0.2006485 -0.2006485 -0.2006485 -0.2006485 -0.2006485 -0.2006485 -0.4080912 -0.4080912 -0.4080912 -0.4080912 -0.4080912 -0.4080912 -0.4080912 -0.4080912 -0.4080912 -0.4080912 -0.4080912 -0.4080912
-0.2466432 -0.2466432 -0.2466432 -0.2466432 -0.2466432 -0.3422363 -0.3422363 -0.3422363 -0.3422363 -0.3422363 -0.3422363 -0.3422363 -0.3422363 -0.2068458 -0.2068458 -0.2068458 -0.2068458 -0.2068458 -0.2068458 -0.2068458 -0.2068458 -0.1470715 -0.1470715 -0.1470715 -0.1470715 -0.1470715 -0.1470715 -0.1470715 -0.1470715 -0.3145733 -0.3145733 -0.3145733 -0.3145733 -0.3145733 -0.3145733 -0.3145733 -0.3145733 -0.3145733 -0.3145733 -0.3145733 -0.3145733 -0.3145733 -0.3145733 -0.3145733 -0.3145733 -0.4014154 -0.4014154 -0.4014154 -0.4014154 -0.4014154 -0.4014154 -0.4014154 -0.4014154 -0.2006485 -0.2006485 -0.2006485 -0.2006485 -0.2006485 -0.2006485 -0.4080912 -0.4080912 -0.4080912 -0.4080912 -0.4080912 -0.4080912 -0.4080912 -0.4080912 -0.4080912 -0.4080912 -0.4080912 -0.4080912
-0.2466432 -0.2466432 -0.2466432 -0.2466432 -0.2466432 -0.3422363 -0.3422363 -0.3422363 -0.3422363 -0.3422363 -0.3422363 -0.3422363 -0.3422363 -0.2068458 -0.2068458 -0.2068458 -0.2068458 -0.2068458 -0.2068458 -0.2068458 -0.2068458 -0.1470715 -0.1470715 -0.1470715 -0.1470715 -0.1470715 -0.1470715 -0.1470715 -0.1470715 -0.3145733 -0.3145733 -0.3145733 -0.3145733 -0.3145733 -0.3145733 -0.3145733 -0.3145733 -0.3145733 -0.3145733 -0.3145733 -0.3145733 -0.3145733 -0.3145733 -0.3145733 -0.3145733 -0.4014154 -0.4014154 -0.4014154 -0.4014154 -0.4014154 -0.4014154 -0.4014154 -0.4014154 -0.2006485 -0.2006485 -0.2006485 -0.2006485 -0.2006485 -0.2006485 -0.4080912 -0.4080912 -0.4080912 -0.4080912 -0.4080912 -0.4080912 -0.4080912 -0.4080912 -0.4080912 -0.4080912 -0.4080912 -0.4080912
-0.2466432 -0.2466432 -0.2466432 -0.2466432 -0.2466432 -0.3422363 -0.3422363 -0.3422363 -0.3422363 -0.3422363 -0.3422363 -0.3422363 -0.3422363 -0.2068458 -0.2068458 -0.2068458 -0.2068458 -0.2068458 -0.2068458 -0.2068458 -0.2068458 -0.1470715 -0.1470715 -0.1470715 -0.1470715 -0.1470715 -0.1470715 -0.1470715 -0.1470715 -0.3145733 -0.3145733 -0.3145733 -0.3145733 -0.3145733 -0.3145733 -0.3145733 -0.3145733 -0.3145733 -0.3145733 -0.3145733 -0.3145733 -0.3145733 -0.3145733 -0.3145733 -0.3145733 -0.4014154 -0.4014154 -0.4014154 -0.4014154 -0.4014154 -0.4014154 -0.4014154 -0.4014154 -0.2006485 -0.2006485 -0.2006485 -0.2006485 -0.2006485 -0.2006485 -0.4080912 -0.4080912 -0.4080912 -0.4080912 -0.4080912 -0.4080912 -0.4080912 -0.4080912 -0.4080912 -0.4080912 -0.4080912 -0.4080912
-0.2466432 -0.2466432 -0.2466432 -0.2466432 -0.2466432 -0.3422363 -0.3422363 -0.3422363 -0.3422363 -0.3422363 -0.3422363 -0.3422363 -0.3422363 -0.2068458 -0.2068458 -0.2068458 -0.2068458 -0.2068458 -0.2068458 -0.2068458 -0.2068458 -0.1470715 -0.1470715 -0.1470715 -0.1470715 -0.1470715 -0.1470715 -0.1470715 -0.1470715 -0.3145733 -0.3145733 -0.3145733 -0.3145733 -0.3145733 -0.3145733 -0.3145733 -0.3145733 -0.3145733 -0.3145733 -0.3145733 -0.3145733 -0.3145733 -0.3145733 -0.3145733 -0.3145733 -0.4014154 -0.4014154 -0.4014154 -0.4014154 -0.4014154 -0.4014154 -0.4014154 -0.4014154 -0.2006485 -0.2006485 -0.2006485 -0.2006485 -0.2006485 -0.2006485 -0.4080912 -0.4080912 -0.4080912 -0.4080912 -0.4080912 -0.4080912 -0.4080912 -0.4080912 -0.4080912 -0.4080912 -0.4080912 -0.4080912
